dx,dy,button,rx,ry,time,distance,targetID,directionX,directionY,targetX,targetY,initMouseX,initMouseY,targetSize
1,0,0.03,1.0,-0.0,0.23235559463500977,316.2040480449294,1,-191,252,707,708,897,456,20
2,0,0.0,2.0,-0.0,0.24033308029174805,317.4161306550126,1,-193,252,707,708,897,456,20
3,0,0.0,3.0,-0.0,0.24831414222717285,319.24911902775864,1,-196,252,707,708,897,456,20
4,0,0.0,4.0,-0.0,0.2562906742095947,321.7203754815663,1,-200,252,707,708,897,456,20
5,0,0.0,5.0,-0.0,0.2642710208892822,324.85227411855993,1,-205,252,707,708,897,456,20
5,0,0.0,5.0,-0.0,0.27324604988098145,328.0304863880795,1,-210,252,707,708,897,456,20
5,0,0.0,5.0,-0.0,0.2822237014770508,331.25367922485026,1,-215,252,707,708,897,456,20
5,0,0.0,5.0,-0.0,0.29020142555236816,334.5205524328812,1,-220,252,707,708,897,456,20
5,0,0.0,5.0,-0.0,0.2991800308227539,337.8298388242223,1,-225,252,707,708,897,456,20
5,0,0.0,5.0,-0.0,0.3071575164794922,341.18030423809637,1,-230,252,707,708,897,456,20
5,0,0.0,5.0,-0.0,0.31613850593566895,344.570747452537,1,-235,252,707,708,897,456,20
5,0,0.0,5.0,-0.0,0.32311439514160156,348.0,1,-240,252,707,708,897,456,20
5,0,0.0,5.0,-0.0,0.3320901393890381,351.46692589772937,1,-245,252,707,708,897,456,20
5,0,0.0,5.0,-0.0,0.3400697708129883,354.9704213029587,1,-250,252,707,708,897,456,20
5,0,0.0,5.0,-0.0,0.3490478992462158,358.50941410233565,1,-255,252,707,708,897,456,20
5,0,0.0,5.0,-0.0,0.3570258617401123,362.0828634442674,1,-260,252,707,708,897,456,20
4,0,0.0,4.0,-0.0,0.3679969310760498,364.9657518178932,1,-264,252,707,708,897,456,20
3,0,0.0,3.0,-0.0,0.3759751319885254,367.14166203251847,1,-267,252,707,708,897,456,20
2,1,0.0,2.0,1.0,0.38594841957092285,367.9157512257392,1,-269,251,707,708,897,456,20
1,1,0.0,1.0,1.0,0.39392852783203125,367.96738985948195,1,-270,250,707,708,897,456,20
1,2,0.0,1.0,2.0,0.4019145965576172,367.3486082728503,1,-271,248,707,708,897,456,20
1,2,0.0,1.0,2.0,0.41088390350341797,366.742416417845,1,-272,246,707,708,897,456,20
1,2,0.0,1.0,2.0,0.4198596477508545,366.1488768247146,1,-273,244,707,708,897,456,20
1,2,0.0,1.0,2.0,0.4288351535797119,365.5680511204446,1,-274,242,707,708,897,456,20
1,2,0.0,1.0,2.0,0.4388089179992676,365.0,1,-275,240,707,708,897,456,20
1,2,0.0,1.0,2.0,0.44878339767456055,364.44478319767455,1,-276,238,707,708,897,456,20
1,2,0.0,1.0,2.0,0.4577617645263672,363.90245945857527,1,-277,236,707,708,897,456,20
1,2,0.0,1.0,2.0,0.46773338317871094,363.3730865102698,1,-278,234,707,708,897,456,20
1,2,0.0,1.0,2.0,0.4747145175933838,362.8567210346255,1,-279,232,707,708,897,456,20
1,2,0.0,1.0,2.0,0.4836912155151367,362.3534186398688,1,-280,230,707,708,897,456,20
1,2,0.0,1.0,2.0,0.49067258834838867,361.86323383289437,1,-281,228,707,708,897,456,20
1,2,0.0,1.0,2.0,0.4996480941772461,361.386219991853,1,-282,226,707,708,897,456,20
1,2,0.0,1.0,2.0,0.508624792098999,360.9224293390479,1,-283,224,707,708,897,456,20
1,2,0.0,1.0,2.0,0.517601728439331,360.4719129141687,1,-284,222,707,708,897,456,20
1,2,0.0,1.0,2.0,0.5245823860168457,360.0347205478938,1,-285,220,707,708,897,456,20
1,2,0.0,1.0,2.0,0.5335593223571777,359.6109008358896,1,-286,218,707,708,897,456,20
1,2,0.0,1.0,2.0,0.5435323715209961,359.2005011132362,1,-287,216,707,708,897,456,20
1,2,0.0,1.0,2.0,0.5525088310241699,358.8035674293108,1,-288,214,707,708,897,456,20
1,2,0.0,1.0,2.0,0.5624823570251465,358.42014452315595,1,-289,212,707,708,897,456,20
1,2,0.0,1.0,2.0,0.5694642066955566,358.05027579936313,1,-290,210,707,708,897,456,20
1,2,0.0,1.0,2.0,0.5784416198730469,357.6940033045005,1,-291,208,707,708,897,456,20
1,2,0.0,1.0,2.0,0.5874221324920654,357.35136770411276,1,-292,206,707,708,897,456,20
1,2,0.0,1.0,2.0,0.5943975448608398,357.0224082603219,1,-293,204,707,708,897,456,20
1,2,0.0,1.0,2.0,0.6033751964569092,356.7071628100563,1,-294,202,707,708,897,456,20
1,2,0.0,1.0,2.0,0.6113545894622803,356.4056677439347,1,-295,200,707,708,897,456,20
1,2,0.0,1.0,2.0,0.6193325519561768,356.1179579858337,1,-296,198,707,708,897,456,20
1,2,0.0,1.0,2.0,0.6273117065429688,355.8440669731617,1,-297,196,707,708,897,456,20
1,2,0.0,1.0,2.0,0.6352901458740234,355.58402663786796,1,-298,194,707,708,897,456,20
1,2,0.0,1.0,2.0,0.6422719955444336,355.33786738820845,1,-299,192,707,708,897,456,20
1,2,0.0,1.0,2.0,0.6512489318847656,355.10561809129405,1,-300,190,707,708,897,456,20
1,2,0.0,1.0,2.0,0.6582293510437012,354.8873060564438,1,-301,188,707,708,897,456,20
1,2,0.0,1.0,2.0,0.6672060489654541,354.682957019364,1,-302,186,707,708,897,456,20
1,2,0.0,1.0,2.0,0.675184965133667,354.4925951271761,1,-303,184,707,708,897,456,20
1,2,0.0,1.0,2.0,0.6841609477996826,354.3162429243119,1,-304,182,707,708,897,456,20
1,2,0.0,1.0,2.0,0.6911435127258301,354.1539213392956,1,-305,180,707,708,897,456,20
1,2,0.0,1.0,2.0,0.7001192569732666,354.00564967243105,1,-306,178,707,708,897,456,20
1,2,0.0,1.0,2.0,0.7090966701507568,353.8714455844099,1,-307,176,707,708,897,456,20
1,2,0.0,1.0,2.0,0.7180740833282471,353.75132508585745,1,-308,174,707,708,897,456,20
1,2,0.0,1.0,2.0,0.7260503768920898,353.6453025278294,1,-309,172,707,708,897,456,20
1,2,0.0,1.0,2.0,0.7340314388275146,353.5533905932738,1,-310,170,707,708,897,456,20
1,2,0.0,1.0,2.0,0.7410111427307129,353.47560028946833,1,-311,168,707,708,897,456,20
1,2,0.0,1.0,2.0,0.749988317489624,353.41194094144583,1,-312,166,707,708,897,456,20
1,2,0.0,1.0,2.0,0.7569699287414551,353.3624201864143,1,-313,164,707,708,897,456,20
1,2,0.0,1.0,2.0,0.7659461498260498,353.3270439691816,1,-314,162,707,708,897,456,20
1,2,0.0,1.0,2.0,0.7739238739013672,353.30581653859025,1,-315,160,707,708,897,456,20
1,2,0.0,1.0,2.0,0.7819035053253174,353.29874044496677,1,-316,158,707,708,897,456,20
1,2,0.0,1.0,2.0,0.789881706237793,353.30581653859025,1,-317,156,707,708,897,456,20
1,2,0.0,1.0,2.0,0.7988581657409668,353.3270439691816,1,-318,154,707,708,897,456,20
1,2,0.0,1.0,2.0,0.8068373203277588,353.3624201864143,1,-319,152,707,708,897,456,20
1,2,0.0,1.0,2.0,0.8168108463287354,353.41194094144583,1,-320,150,707,708,897,456,20
1,2,0.0,1.0,2.0,0.8237924575805664,353.47560028946833,1,-321,148,707,708,897,456,20
1,2,0.0,1.0,2.0,0.8327693939208984,353.5533905932738,1,-322,146,707,708,897,456,20
1,2,0.0,1.0,2.0,0.8407483100891113,353.6453025278294,1,-323,144,707,708,897,456,20
1,2,0.0,1.0,2.0,0.8487265110015869,353.75132508585745,1,-324,142,707,708,897,456,20
1,2,0.0,1.0,2.0,0.857703447341919,353.8714455844099,1,-325,140,707,708,897,456,20
1,2,0.0,1.0,2.0,0.8666906356811523,354.00564967243105,1,-326,138,707,708,897,456,20
1,2,0.0,1.0,2.0,0.8746585845947266,354.1539213392956,1,-327,136,707,708,897,456,20
1,2,0.0,1.0,2.0,0.8846395015716553,354.3162429243119,1,-328,134,707,708,897,456,20
1,2,0.0,1.0,2.0,0.8936104774475098,354.4925951271761,1,-329,132,707,708,897,456,20
1,2,0.0,1.0,2.0,0.9015874862670898,354.682957019364,1,-330,130,707,708,897,456,20
1,2,0.0,1.0,2.0,0.9112904071807861,354.8873060564438,1,-331,128,707,708,897,456,20
1,2,0.0,1.0,2.0,0.9192702770233154,355.10561809129405,1,-332,126,707,708,897,456,20
1,2,0.0,1.0,2.0,0.928246021270752,355.33786738820845,1,-333,124,707,708,897,456,20
1,2,0.0,1.0,2.0,0.9362425804138184,355.58402663786796,1,-334,122,707,708,897,456,20
1,2,0.0,1.0,2.0,0.9461996555328369,355.8440669731617,1,-335,120,707,708,897,456,20
1,2,0.0,1.0,2.0,0.9531807899475098,356.1179579858337,1,-336,118,707,708,897,456,20
1,2,0.0,1.0,2.0,0.9621601104736328,356.4056677439347,1,-337,116,707,708,897,456,20
1,2,0.0,1.0,2.0,0.971132755279541,356.7071628100563,1,-338,114,707,708,897,456,20
1,2,0.0,1.0,2.0,0.9821047782897949,357.0224082603219,1,-339,112,707,708,897,456,20
1,2,0.0,1.0,2.0,0.9890894889831543,357.35136770411276,1,-340,110,707,708,897,456,20
1,2,0.0,1.0,2.0,0.9990646839141846,357.6940033045005,1,-341,108,707,708,897,456,20
1,2,0.0,1.0,2.0,1.0070383548736572,358.05027579936313,1,-342,106,707,708,897,456,20
1,2,0.0,1.0,2.0,1.0150198936462402,358.42014452315595,1,-343,104,707,708,897,456,20
1,2,0.0,1.0,2.0,1.0229957103729248,358.8035674293108,1,-344,102,707,708,897,456,20
1,2,0.0,1.0,2.0,1.0319747924804688,359.2005011132362,1,-345,100,707,708,897,456,20
1,2,0.0,1.0,2.0,1.039975881576538,359.6109008358896,1,-346,98,707,708,897,456,20
1,2,0.0,1.0,2.0,1.04892897605896,360.0347205478938,1,-347,96,707,708,897,456,20
1,2,0.0,1.0,2.0,1.0559091567993164,360.4719129141687,1,-348,94,707,708,897,456,20
1,2,0.0,1.0,2.0,1.0658841133117676,360.9224293390479,1,-349,92,707,708,897,456,20
1,2,0.0,1.0,2.0,1.0748589038848877,361.386219991853,1,-350,90,707,708,897,456,20
1,2,0.0,1.0,2.0,1.0838358402252197,361.86323383289437,1,-351,88,707,708,897,456,20
1,2,0.0,1.0,2.0,1.0918159484863281,362.3534186398688,1,-352,86,707,708,897,456,20
1,2,0.0,1.0,2.0,1.1007907390594482,362.8567210346255,1,-353,84,707,708,897,456,20
1,2,0.0,1.0,2.0,1.108769416809082,363.3730865102698,1,-354,82,707,708,897,456,20
1,2,0.0,1.0,2.0,1.1177589893341064,363.90245945857527,1,-355,80,707,708,897,456,20
1,2,0.0,1.0,2.0,1.1247406005859375,364.44478319767455,1,-356,78,707,708,897,456,20
1,2,0.0,1.0,2.0,1.133704662322998,365.0,1,-357,76,707,708,897,456,20
1,2,0.0,1.0,2.0,1.1426801681518555,365.5680511204446,1,-358,74,707,708,897,456,20
1,2,0.0,1.0,2.0,1.151655912399292,366.1488768247146,1,-359,72,707,708,897,456,20
1,2,0.0,1.0,2.0,1.1586384773254395,366.742416417845,1,-360,70,707,708,897,456,20
1,2,0.0,1.0,2.0,1.1686115264892578,367.3486082728503,1,-361,68,707,708,897,456,20
1,2,0.0,1.0,2.0,1.1755931377410889,367.96738985948195,1,-362,66,707,708,897,456,20
1,2,0.0,1.0,2.0,1.1855666637420654,368.5986977730659,1,-363,64,707,708,897,456,20
1,2,0.0,1.0,2.0,1.1955406665802002,369.2424677633926,1,-364,62,707,708,897,456,20
1,2,0.0,1.0,2.0,1.203519344329834,369.8986347636336,1,-365,60,707,708,897,456,20
1,2,0.0,1.0,2.0,1.2126696109771729,370.56713291925934,1,-366,58,707,708,897,456,20
1,2,0.0,1.0,2.0,1.2206475734710693,371.24789561693143,1,-367,56,707,708,897,456,20
1,2,0.0,1.0,2.0,1.229623794555664,371.9408555133464,1,-368,54,707,708,897,456,20
1,2,0.0,1.0,2.0,1.2376043796539307,372.6459445640057,1,-369,52,707,708,897,456,20
1,2,0.0,1.0,2.0,1.2485737800598145,373.3630940518894,1,-370,50,707,708,897,456,20
1,2,0.0,1.0,2.0,1.25760817527771,374.09223461601016,1,-371,48,707,708,897,456,20
1,2,0.0,1.0,2.0,1.267524003982544,374.83329627982624,1,-372,46,707,708,897,456,20
1,2,0.0,1.0,2.0,1.2775099277496338,375.5862084794914,1,-373,44,707,708,897,456,20
1,2,0.0,1.0,2.0,1.2864747047424316,376.3509000919222,1,-374,42,707,708,897,456,20
1,2,0.0,1.0,2.0,1.2944529056549072,377.12729946266154,1,-375,40,707,708,897,456,20
1,2,0.0,1.0,2.0,1.3034300804138184,377.91533443352097,1,-376,38,707,708,897,456,20
1,2,0.0,1.0,2.0,1.3114078044891357,378.71493236998197,1,-377,36,707,708,897,456,20
1,2,0.0,1.0,2.0,1.319387674331665,379.52602018833966,1,-378,34,707,708,897,456,20
1,2,0.0,1.0,2.0,1.3283631801605225,380.34852438257207,1,-379,32,707,708,897,456,20
1,2,0.0,1.0,2.0,1.3373398780822754,381.18237105091833,1,-380,30,707,708,897,456,20
1,2,0.0,1.0,2.0,1.345320224761963,382.0274859221519,1,-381,28,707,708,897,456,20
1,2,0.0,1.0,2.0,1.3542954921722412,382.88379438153294,1,-382,26,707,708,897,456,20
1,2,0.0,1.0,2.0,1.3652665615081787,383.7512214964273,1,-383,24,707,708,897,456,20
1,2,0.0,1.0,2.0,1.3742427825927734,384.6296920415791,1,-384,22,707,708,897,456,20
1,2,0.0,1.0,2.0,1.383218765258789,385.5191305240247,1,-385,20,707,708,897,456,20
1,2,0.0,1.0,2.0,1.3902010917663574,386.4194612076364,1,-386,18,707,708,897,456,20
1,2,0.0,1.0,2.0,1.3991763591766357,387.3306081372863,1,-387,16,707,708,897,456,20
1,2,0.0,1.0,2.0,1.4071550369262695,388.25249516261965,1,-388,14,707,708,897,456,20
1,2,0.0,1.0,2.0,1.4161312580108643,389.1850459614295,1,-389,12,707,708,897,456,20
1,2,0.0,1.0,2.0,1.4241104125976562,390.1281840626232,1,-390,10,707,708,897,456,20
1,2,0.0,1.0,2.0,1.4330921173095703,391.0818328687744,1,-391,8,707,708,897,456,20
1,2,0.0,1.0,2.0,1.4410672187805176,392.04591567825315,1,-392,6,707,708,897,456,20
1,2,0.0,1.0,2.0,1.4490480422973633,393.0203557069277,1,-393,4,707,708,897,456,20
1,2,0.0,1.0,2.0,1.457045316696167,394.0050761094329,1,-394,2,707,708,897,456,20
1,2,0.0,1.0,2.0,1.4660007953643799,395.0,1,-395,0,707,708,897,456,20
1,2,0.0,1.0,2.0,1.4749996662139893,396.00505047284435,1,-396,-2,707,708,897,456,20
1,2,0.0,1.0,2.0,1.483952522277832,397.0201506221063,1,-397,-4,707,708,897,456,20
1,2,0.0,1.0,2.0,1.4919319152832031,398.0452235613436,1,-398,-6,707,708,897,456,20
1,2,0.0,1.0,2.0,1.5009078979492188,399.0801924425716,1,-399,-8,707,708,897,456,20
1,2,0.0,1.0,2.0,1.5088868141174316,400.12498047485116,1,-400,-10,707,708,897,456,20
1,2,0.0,1.0,2.0,1.5178630352020264,401.1795109424209,1,-401,-12,707,708,897,456,20
1,2,0.0,1.0,2.0,1.5258419513702393,402.24370722237535,1,-402,-14,707,708,897,456,20
1,2,0.0,1.0,2.0,1.5348279476165771,403.3174928018868,1,-403,-16,707,708,897,456,20
1,2,0.0,1.0,2.0,1.5427978038787842,404.40079129497263,1,-404,-18,707,708,897,456,20
1,2,0.0,1.0,2.0,1.5527722835540771,405.493526458808,1,-405,-20,707,708,897,456,20
1,2,0.0,1.0,2.0,1.5607504844665527,406.59562220958554,1,-406,-22,707,708,897,456,20
1,2,0.0,1.0,2.0,1.5697269439697266,407.7070026379238,1,-407,-24,707,708,897,456,20
1,2,0.0,1.0,2.0,1.5777087211608887,408.8275920238261,1,-408,-26,707,708,897,456,20
1,2,0.0,1.0,2.0,1.5856847763061523,409.9573148511928,1,-409,-28,707,708,897,456,20
1,2,0.0,1.0,2.0,1.5956580638885498,411.0960958218893,1,-410,-30,707,708,897,456,20
1,2,0.0,1.0,2.0,1.6026391983032227,412.2438598693739,1,-411,-32,707,708,897,456,20
1,2,0.0,1.0,2.0,1.6116151809692383,413.40053217188773,1,-412,-34,707,708,897,456,20
1,2,0.0,1.0,2.0,1.6185975074768066,414.566038165212,1,-413,-36,707,708,897,456,20
1,2,0.0,1.0,2.0,1.6315803527832031,415.74030355499576,1,-414,-38,707,708,897,456,20
1,2,0.0,1.0,2.0,1.637547254562378,416.92325432865937,1,-415,-40,707,708,897,456,20
1,2,0.0,1.0,2.0,1.6485188007354736,418.11481676687805,1,-416,-42,707,708,897,456,20
1,2,0.0,1.0,2.0,1.6565072536468506,419.3149174546501,1,-417,-44,707,708,897,456,20
1,2,0.0,1.0,2.0,1.6664707660675049,420.523483291956,1,-418,-46,707,708,897,456,20
1,2,0.0,1.0,2.0,1.674450159072876,421.74044150401323,1,-419,-48,707,708,897,456,20
1,2,0.0,1.0,2.0,1.683427333831787,422.965719651132,1,-420,-50,707,708,897,456,20
1,2,0.0,1.0,2.0,1.691413402557373,424.19924563817887,1,-421,-52,707,708,897,456,20
1,2,0.0,1.0,2.0,1.7013788223266602,425.4409477236529,1,-422,-54,707,708,897,456,20
1,2,0.0,1.0,2.0,1.709357738494873,426.69075452838206,1,-423,-56,707,708,897,456,20
1,2,0.0,1.0,2.0,1.7183401584625244,427.948595043844,1,-424,-58,707,708,897,456,20
1,2,0.0,1.0,2.0,1.7273101806640625,429.2143986401202,1,-425,-60,707,708,897,456,20
1,2,0.0,1.0,2.0,1.7352893352508545,430.4880950734875,1,-426,-62,707,708,897,456,20
1,2,0.0,1.0,2.0,1.7452630996704102,431.76961449365564,1,-427,-64,707,708,897,456,20
1,2,0.0,1.0,2.0,1.7532415390014648,433.0588874506561,1,-428,-66,707,708,897,456,20
1,2,0.0,1.0,2.0,1.762218713760376,434.35584490138956,1,-429,-68,707,708,897,456,20
1,2,0.0,1.0,2.0,1.7701966762542725,435.6604182158393,1,-430,-70,707,708,897,456,20
1,2,0.0,1.0,2.0,1.7791810035705566,436.972539182956,1,-431,-72,707,708,897,456,20
1,2,0.0,1.0,2.0,1.7871527671813965,438.2921400162225,1,-432,-74,707,708,897,456,20
1,2,0.0,1.0,2.0,1.796128511428833,439.6191533589045,1,-433,-76,707,708,897,456,20
1,2,0.0,1.0,2.0,1.804107427597046,440.95351228899403,1,-434,-78,707,708,897,456,20
1,2,0.0,1.0,2.0,1.8140816688537598,442.2951503238533,1,-435,-80,707,708,897,456,20
1,2,0.0,1.0,2.0,1.8210625648498535,443.64400142456566,1,-436,-82,707,708,897,456,20
1,2,0.0,1.0,2.0,1.829042673110962,445.0,1,-437,-84,707,708,897,456,20
1,2,0.0,1.0,2.0,1.8370206356048584,446.3630809105968,1,-438,-86,707,708,897,456,20
1,2,0.0,1.0,2.0,1.846001386642456,447.73317947188144,1,-439,-88,707,708,897,456,20
