dx,dy,button,rx,ry,time,distance,targetID,directionX,directionY,targetX,targetY,initMouseX,initMouseY,targetSize
0,0,0.0,-0.0,-0.0,0.22945523262023926,834.7035401865743,1,-627,-551,333,49,960,600,20
0,0,0.0,-0.0,-0.0,0.23642301559448242,834.7035401865743,1,-627,-551,333,49,960,600,20
0,0,0.0,-0.0,-0.0,0.2444016933441162,834.7035401865743,1,-627,-551,333,49,960,600,20
0,0,0.0,-0.0,-0.0,0.25437474250793457,834.7035401865743,1,-627,-551,333,49,960,600,20
0,0,0.0,-0.0,-0.0,0.2633507251739502,834.7035401865743,1,-627,-551,333,49,960,600,20
-1,0,0.0,-1.5,-0.0,0.2723264694213867,833.9526365447861,1,-626,-551,333,49,960,600,20
-2,0,0.0,-3.0,-0.0,0.28180694580078125,831.703072015488,1,-623,-551,333,49,960,600,20
-3,0,0.0,-4.5,-0.0,0.28978586196899414,828.7110473500398,1,-619,-551,333,49,960,600,20
-4,-1,0.0,-6.0,-1.5,0.2997598648071289,823.5708834095582,1,-613,-550,333,49,960,600,20
-6,-2,0.0,-9.0,-3.0,0.3077390193939209,814.8772913758243,1,-604,-547,333,49,960,600,20
-8,-3,0.0,-12.0,-4.5,0.31771159172058105,803.3137618639432,1,-592,-543,333,49,960,600,20
-11,-5,0.0,-16.5,-7.5,0.32569050788879395,786.8112861417279,1,-576,-536,333,49,960,600,20
-14,-7,0.0,-21.0,-10.5,0.3356642723083496,764.6574396420923,1,-555,-526,333,49,960,600,20
-17,-10,0.0,-25.5,-15.0,0.3436558246612549,736.2207549369958,1,-530,-511,333,49,960,600,20
-19,-12,0.0,-28.5,-18.0,0.352618932723999,703.600028425241,1,-502,-493,333,49,960,600,20
-21,-14,0.0,-31.5,-21.0,0.36159586906433105,666.802069582871,1,-471,-472,333,49,960,600,20
-22,-15,0.0,-33.0,-22.5,0.3715682029724121,627.9681520586852,1,-438,-450,333,49,960,600,20
-22,-15,0.0,-33.0,-22.5,0.38054418563842773,589.2444314543837,1,-405,-428,333,49,960,600,20
-22,-15,0.0,-33.0,-22.5,0.38952064514160156,550.6541564357796,1,-372,-406,333,49,960,600,20
-21,-15,0.0,-31.5,-22.5,0.3984968662261963,513.5533078464201,1,-341,-384,333,49,960,600,20
-20,-15,0.0,-30.0,-22.5,0.4074723720550537,477.24731534079893,1,-311,-362,333,49,960,600,20
-19,-15,0.0,-28.5,-22.5,0.4154515266418457,442.36749428501184,1,-283,-340,333,49,960,600,20
-18,-14,0.0,-27.0,-21.0,0.42442750930786133,409.0195594345092,1,-256,-319,333,49,960,600,20
-17,-13,0.0,-25.5,-19.5,0.43539857864379883,378.6304266695956,1,-231,-300,333,49,960,600,20
-16,-12,0.0,-24.0,-18.0,0.4433887004852295,349.8185243808567,1,-207,-282,333,49,960,600,20
-15,-11,0.0,-22.5,-16.5,0.4513561725616455,324.00771595750615,1,-185,-266,333,49,960,600,20
-14,-10,0.0,-21.0,-15.0,0.46033263206481934,299.82828418946735,1,-164,-251,333,49,960,600,20
-13,-9,0.0,-19.5,-13.5,0.4703052043914795,278.69158580768095,1,-145,-238,333,49,960,600,20
-11,-8,0.0,-16.5,-12.0,0.47728705406188965,260.2249027283899,1,-129,-226,333,49,960,600,20
-9,-7,0.0,-13.5,-10.5,0.48626279830932617,245.17748673155128,1,-116,-216,333,49,960,600,20
-7,-7,0.0,-10.5,-10.5,0.4952387809753418,231.67218218853984,1,-106,-206,333,49,960,600,20
-6,-6,0.0,-9.0,-9.0,0.5042152404785156,219.58597405116748,1,-97,-197,333,49,960,600,20
-5,-6,0.0,-7.5,-9.0,0.5131909847259521,208.43224318708465,1,-90,-188,333,49,960,600,20
-4,-6,0.0,-6.0,-9.0,0.5211701393127441,197.72961336127676,1,-84,-179,333,49,960,600,20
-4,-6,0.0,-6.0,-9.0,0.531151294708252,187.040102651811,1,-78,-170,333,49,960,600,20
-4,-6,0.0,-6.0,-9.0,0.5391223430633545,176.36609651517495,1,-72,-161,333,49,960,600,20
-4,-6,0.0,-6.0,-9.0,0.549095630645752,165.71059109181888,1,-66,-152,333,49,960,600,20
-4,-6,0.0,-6.0,-9.0,0.5580720901489258,155.07740002979156,1,-60,-143,333,49,960,600,20
-4,-6,0.0,-6.0,-9.0,0.5680451393127441,144.4714504668656,1,-54,-134,333,49,960,600,20
-4,-6,0.0,-6.0,-9.0,0.576024055480957,133.8992158304148,1,-48,-125,333,49,960,600,20
-4,-6,0.0,-6.0,-9.0,0.5840027332305908,123.36936410632909,1,-42,-116,333,49,960,600,20
-4,-6,0.0,-6.0,-9.0,0.5929827690124512,112.89375536317321,1,-36,-107,333,49,960,600,20
-4,-6,0.0,-6.0,-9.0,0.6019549369812012,102.48902380255166,1,-30,-98,333,49,960,600,20
-4,-5,0.0,-6.0,-7.5,0.6109306812286377,94.11163583744573,1,-24,-91,333,49,960,600,20
-3,-5,0.0,-4.5,-7.5,0.6199064254760742,86.34813257969161,1,-20,-84,333,49,960,600,20
-3,-4,0.0,-4.5,-6.0,0.6278858184814453,79.62411694957753,1,-16,-78,333,49,960,600,20
-3,-4,0.0,-4.5,-6.0,0.6368618011474609,72.99315036357864,1,-12,-72,333,49,960,600,20
-3,-4,0.0,-4.5,-6.0,0.6468348503112793,66.48308055437865,1,-8,-66,333,49,960,600,20
-3,-4,0.0,-4.5,-6.0,0.6568112373352051,60.13318551349163,1,-4,-60,333,49,960,600,20
-3,-3,0.0,-4.5,-4.5,0.6637895107269287,56.0,1,0,-56,333,49,960,600,20
-2,-3,0.0,-3.0,-4.5,0.6727659702301025,52.08646657242167,1,3,-52,333,49,960,600,20
-2,-3,0.0,-3.0,-4.5,0.6817421913146973,48.373546489791295,1,6,-48,333,49,960,600,20
-2,-3,0.0,-3.0,-4.5,0.6877260208129883,44.91102314577124,1,9,-44,333,49,960,600,20
-2,-3,0.0,-3.0,-4.5,0.697699785232544,41.7612260356422,1,12,-40,333,49,960,600,20
-1,-3,0.0,-1.5,-4.5,0.7066760063171387,38.27531841800928,1,13,-36,333,49,960,600,20
-1,-2,0.0,-1.5,-3.0,0.7156517505645752,35.84689665786984,1,14,-33,333,49,960,600,20
-1,-2,0.0,-1.5,-3.0,0.7226438522338867,33.54101966249684,1,15,-30,333,49,960,600,20
-1,-2,0.0,-1.5,-3.0,0.7326064109802246,31.38470965295043,1,16,-27,333,49,960,600,20
-1,-2,0.0,-1.5,-3.0,0.7405858039855957,29.410882339705484,1,17,-24,333,49,960,600,20
-1,-2,0.0,-1.5,-3.0,0.7495615482330322,27.65863337187866,1,18,-21,333,49,960,600,20
-1,-2,0.0,-1.5,-3.0,0.758537769317627,26.1725046566048,1,19,-18,333,49,960,600,20
-1,-2,0.0,-1.5,-3.0,0.7685122489929199,25.0,1,20,-15,333,49,960,600,20
-1,-2,0.0,-1.5,-3.0,0.777489185333252,24.186773244895647,1,21,-12,333,49,960,600,20
-1,-2,0.0,-1.5,-3.0,0.7864658832550049,23.769728648009426,1,22,-9,333,49,960,600,20
-1,-2,0.0,-1.5,-3.0,0.7944529056549072,23.769728648009426,1,23,-6,333,49,960,600,20
-1,-2,0.0,-1.5,-3.0,0.8044161796569824,24.186773244895647,1,24,-3,333,49,960,600,20
-1,-2,0.0,-1.5,-3.0,0.8123948574066162,25.0,1,25,0,333,49,960,600,20
-1,-2,0.0,-1.5,-3.0,0.8213708400726318,26.1725046566048,1,26,3,333,49,960,600,20
-1,-2,0.0,-1.5,-3.0,0.8293499946594238,27.65863337187866,1,27,6,333,49,960,600,20
-1,-2,0.0,-1.5,-3.0,0.8383257389068604,29.410882339705484,1,28,9,333,49,960,600,20
-1,-2,0.0,-1.5,-3.0,0.8463046550750732,31.38470965295043,1,29,12,333,49,960,600,20
-1,-2,0.0,-1.5,-3.0,0.8562803268432617,33.54101966249684,1,30,15,333,49,960,600,20
-1,-2,0.0,-1.5,-3.0,0.8642563819885254,35.84689665786984,1,31,18,333,49,960,600,20
-1,-2,0.0,-1.5,-3.0,0.8732326030731201,38.27531841800928,1,32,21,333,49,960,600,20
-1,-2,0.01,-1.5,-3.0,0.882209062576294,40.80441152620633,1,33,24,333,49,960,600,20
-1,-2,0.01,-1.5,-3.0,0.8911845684051514,43.41658669218482,1,34,27,333,49,960,600,20
-1,-2,0.01,-1.5,-3.0,0.9001600742340088,46.09772228646444,1,35,30,333,49,960,600,20
-1,-1,0.01,-1.5,-1.5,0.9081394672393799,47.50789408087881,1,36,31,333,49,960,600,20
0,-1,0.13,-0.0,-1.5,0.9161257743835449,48.16637831516918,1,36,32,333,49,960,600,20
0,-1,0.12,-0.0,-1.5,0.9240972995758057,48.83646178829912,1,36,33,333,49,960,600,20
0,-1,0.07,-0.0,-1.5,0.9340708255767822,49.51767361255979,1,36,34,333,49,960,600,20
0,-1,0.07,-0.0,-1.5,0.9440450668334961,50.20956084253277,1,36,35,333,49,960,600,20
0,-1,0.07,-0.0,-1.5,0.9520235061645508,50.91168824543142,1,36,36,333,49,960,600,20
0,-1,0.06,-0.0,-1.5,0.9609997272491455,51.62363799656123,1,36,37,333,49,960,600,20
0,-1,0.05,-0.0,-1.5,0.9709718227386475,52.3450093132096,1,36,38,333,49,960,600,20
0,-1,0.06,-0.0,-1.5,0.9809463024139404,53.075418038862395,1,36,39,333,49,960,600,20
0,-1,0.05,-0.0,-1.5,0.9909186363220215,53.81449618829484,1,36,40,333,49,960,600,20
0,0,0.04,-0.0,-0.0,1.0019257068634033,53.81449618829484,1,36,40,333,49,960,600,20
0,0,0.05,-0.0,-0.0,1.0108656883239746,53.81449618829484,1,36,40,333,49,960,600,20
0,0,0.04,-0.0,-0.0,1.019848346710205,53.81449618829484,1,36,40,333,49,960,600,20
0,0,0.03,-0.0,-0.0,1.0288209915161133,53.81449618829484,1,36,40,333,49,960,600,20
0,0,0.03,-0.0,-0.0,1.037795066833496,53.81449618829484,1,36,40,333,49,960,600,20
0,0,0.05,-0.0,-0.0,1.0467727184295654,53.81449618829484,1,36,40,333,49,960,600,20
0,0,0.07,-0.0,-0.0,1.0557594299316406,53.81449618829484,1,36,40,333,49,960,600,20
0,0,0.1,-0.0,-0.0,1.0647234916687012,53.81449618829484,1,36,40,333,49,960,600,20
0,0,0.18,-0.0,-0.0,1.0736994743347168,53.81449618829484,1,36,40,333,49,960,600,20
0,0,0.24,-0.0,-0.0,1.0816781520843506,53.81449618829484,1,36,40,333,49,960,600,20
0,0,0.27,-0.0,-0.0,1.0906543731689453,53.81449618829484,1,36,40,333,49,960,600,20
0,0,0.29,-0.0,-0.0,1.099630355834961,53.81449618829484,1,36,40,333,49,960,600,20
0,0,0.3,-0.0,-0.0,1.1076092720031738,53.81449618829484,1,36,40,333,49,960,600,20
0,0,0.29,-0.0,-0.0,1.1165857315063477,53.81449618829484,1,36,40,333,49,960,600,20
0,0,0.32,-0.0,-0.0,1.1265583038330078,53.81449618829484,1,36,40,333,49,960,600,20
0,0,0.34,-0.0,-0.0,1.1355345249176025,53.81449618829484,1,36,40,333,49,960,600,20
0,0,0.31,-0.0,-0.0,1.1425163745880127,53.81449618829484,1,36,40,333,49,960,600,20
0,0,0.33,-0.0,-0.0,1.1504945755004883,53.81449618829484,1,36,40,333,49,960,600,20
0,0,0.31,-0.0,-0.0,1.1584734916687012,53.81449618829484,1,36,40,333,49,960,600,20
0,0,0.29,-0.0,-0.0,1.1654541492462158,53.81449618829484,1,36,40,333,49,960,600,20
0,0,0.28,-0.0,-0.0,1.174431324005127,53.81449618829484,1,36,40,333,49,960,600,20
0,0,0.28,-0.0,-0.0,1.1834068298339844,53.81449618829484,1,36,40,333,49,960,600,20
0,0,0.28,-0.0,-0.0,1.1923835277557373,53.81449618829484,1,36,40,333,49,960,600,20
0,0,0.28,-0.0,-0.0,1.2023563385009766,53.81449618829484,1,36,40,333,49,960,600,20
0,0,0.28,-0.0,-0.0,1.2083408832550049,53.81449618829484,1,36,40,333,49,960,600,20
0,0,0.28,-0.0,-0.0,1.2183139324188232,53.81449618829484,1,36,40,333,49,960,600,20
0,0,0.28,-0.0,-0.0,1.225294828414917,53.81449618829484,1,36,40,333,49,960,600,20
0,0,0.28,-0.0,-0.0,1.2332746982574463,53.81449618829484,1,36,40,333,49,960,600,20
0,0,0.28,-0.0,-0.0,1.2422547340393066,53.81449618829484,1,36,40,333,49,960,600,20
0,0,0.28,-0.0,-0.0,1.2522237300872803,53.81449618829484,1,36,40,333,49,960,600,20
0,0,0.28,-0.0,-0.0,1.2592127323150635,53.81449618829484,1,36,40,333,49,960,600,20
0,0,0.28,-0.0,-0.0,1.2681818008422852,53.81449618829484,1,36,40,333,49,960,600,20
0,0,0.28,-0.0,-0.0,1.2761597633361816,53.81449618829484,1,36,40,333,49,960,600,20
0,0,0.28,-0.0,-0.0,1.2841391563415527,53.81449618829484,1,36,40,333,49,960,600,20
0,0,0.28,-0.0,-0.0,1.2941112518310547,53.81449618829484,1,36,40,333,49,960,600,20
0,0,0.28,-0.0,-0.0,1.3010928630828857,53.81449618829484,1,36,40,333,49,960,600,20
0,0,0.28,-0.0,-0.0,1.310070514678955,53.81449618829484,1,36,40,333,49,960,600,20
0,0,0.28,-0.0,-0.0,1.3200418949127197,53.81449618829484,1,36,40,333,49,960,600,20
0,0,0.28,-0.0,-0.0,1.3270237445831299,53.81449618829484,1,36,40,333,49,960,600,20
0,0,0.28,-0.0,-0.0,1.3369996547698975,53.81449618829484,1,36,40,333,49,960,600,20
0,0,0.28,-0.0,-0.0,1.3459742069244385,53.81449618829484,1,36,40,333,49,960,600,20
0,0,0.28,-0.0,-0.0,1.3559470176696777,53.81449618829484,1,36,40,333,49,960,600,20
0,0,0.28,-0.0,-0.0,1.3639252185821533,53.81449618829484,1,36,40,333,49,960,600,20
0,0,0.28,-0.0,-0.0,1.372901201248169,53.81449618829484,1,36,40,333,49,960,600,20
0,0,0.28,-0.0,-0.0,1.3808810710906982,53.81449618829484,1,36,40,333,49,960,600,20
0,0,0.28,-0.0,-0.0,1.3898580074310303,53.81449618829484,1,36,40,333,49,960,600,20
0,0,0.28,-0.0,-0.0,1.3978352546691895,53.81449618829484,1,36,40,333,49,960,600,20
0,0,0.28,-0.0,-0.0,1.406811237335205,53.81449618829484,1,36,40,333,49,960,600,20
0,0,0.28,-0.0,-0.0,1.4157884120941162,53.81449618829484,1,36,40,333,49,960,600,20
0,0,0.28,-0.0,-0.0,1.4237658977508545,53.81449618829484,1,36,40,333,49,960,600,20
0,0,0.28,-0.0,-0.0,1.4327421188354492,53.81449618829484,1,36,40,333,49,960,600,20
0,0,0.28,-0.0,-0.0,1.4407219886779785,53.81449618829484,1,36,40,333,49,960,600,20
0,0,0.28,-0.0,-0.0,1.4487013816833496,53.81449618829484,1,36,40,333,49,960,600,20
0,0,0.28,-0.0,-0.0,1.4576759338378906,53.81449618829484,1,36,40,333,49,960,600,20
0,0,0.28,-0.0,-0.0,1.4666528701782227,53.81449618829484,1,36,40,333,49,960,600,20
0,0,0.28,-0.0,-0.0,1.4746310710906982,53.81449618829484,1,36,40,333,49,960,600,20
0,0,0.28,-0.0,-0.0,1.4826109409332275,53.81449618829484,1,36,40,333,49,960,600,20
0,0,0.28,-0.0,-0.0,1.4906220436096191,53.81449618829484,1,36,40,333,49,960,600,20
0,0,0.28,-0.0,-0.0,1.4996027946472168,53.81449618829484,1,36,40,333,49,960,600,20
0,0,0.28,-0.0,-0.0,1.5065793991088867,53.81449618829484,1,36,40,333,49,960,600,20
0,0,0.28,-0.0,-0.0,1.516552209854126,53.81449618829484,1,36,40,333,49,960,600,20
0,0,0.28,-0.0,-0.0,1.524531602859497,53.81449618829484,1,36,40,333,49,960,600,20
0,0,0.28,-0.0,-0.0,1.5335078239440918,53.81449618829484,1,36,40,333,49,960,600,20
0,0,0.28,-0.0,-0.0,1.5414865016937256,53.81449618829484,1,36,40,333,49,960,600,20
0,0,0.28,-0.0,-0.0,1.551459789276123,53.81449618829484,1,36,40,333,49,960,600,20
0,0,0.28,-0.0,-0.0,1.5594379901885986,53.81449618829484,1,36,40,333,49,960,600,20
0,0,0.28,-0.0,-0.0,1.5694117546081543,53.81449618829484,1,36,40,333,49,960,600,20
0,0,0.28,-0.0,-0.0,1.5783882141113281,53.81449618829484,1,36,40,333,49,960,600,20
0,0,0.28,-0.0,-0.0,1.5873630046844482,53.81449618829484,1,36,40,333,49,960,600,20
0,0,0.28,-0.0,-0.0,1.594141960144043,53.81449618829484,1,36,40,333,49,960,600,20
0,0,0.28,-0.0,-0.0,1.6031181812286377,53.81449618829484,1,36,40,333,49,960,600,20
0,0,0.28,-0.0,-0.0,1.6120939254760742,53.81449618829484,1,36,40,333,49,960,600,20
0,0,0.28,-0.0,-0.0,1.6210780143737793,53.81449618829484,1,36,40,333,49,960,600,20
0,0,0.28,-0.0,-0.0,1.6300475597381592,53.81449618829484,1,36,40,333,49,960,600,20
0,0,0.28,-0.0,-0.0,1.6390223503112793,53.81449618829484,1,36,40,333,49,960,600,20
