dx,dy,button,rx,ry,time,distance,targetID,directionX,directionY,targetX,targetY,initMouseX,initMouseY,targetSize
0,0,0.0,-0.0,-0.0,0.24132752418518066,271.7517249255283,1,268,45,1228,645,960,600,20
0,0,0.0,-0.0,-0.0,0.24930524826049805,271.7517249255283,1,268,45,1228,645,960,600,20
1,0,0.0,1.0,-0.0,0.2553257942199707,270.7655812691118,1,267,45,1228,645,960,600,20
2,0,0.0,2.0,-0.0,0.26626110076904297,268.79360111431225,1,265,45,1228,645,960,600,20
3,0,0.0,3.0,-0.0,0.27524256706237793,265.8364158650955,1,262,45,1228,645,960,600,20
4,0,0.0,4.0,-0.0,0.284212589263916,261.895017134729,1,258,45,1228,645,960,600,20
5,0,0.0,5.0,-0.0,0.2941877841949463,256.9708154635464,1,253,45,1228,645,960,600,20
6,0,0.0,6.0,-0.0,0.3021657466888428,251.0657284457598,1,247,45,1228,645,960,600,20
7,0,0.0,7.0,-0.0,0.3111424446105957,244.1823089414956,1,240,45,1228,645,960,600,20
8,0,0.0,8.0,-0.0,0.320117712020874,236.32393023136697,1,232,45,1228,645,960,600,20
9,0,0.0,9.0,-0.0,0.33009982109069824,227.49505489130968,1,223,45,1228,645,960,600,20
9,0,0.0,9.0,-0.0,0.339066743850708,218.68013169924697,1,214,45,1228,645,960,600,20
9,0,0.0,9.0,-0.0,0.3490562438964844,209.88091861815357,1,205,45,1228,645,960,600,20
9,0,0.0,9.0,-0.0,0.3580284118652344,201.0994778710278,1,196,45,1228,645,960,600,20
9,0,0.0,9.0,-0.0,0.3669919967651367,192.33824372703418,1,187,45,1228,645,960,600,20
9,0,0.0,9.0,-0.0,0.3769657611846924,183.60010893242955,1,178,45,1228,645,960,600,20
9,0,0.0,9.0,-0.0,0.38693904876708984,174.88853593074649,1,169,45,1228,645,960,600,20
9,0,0.0,9.0,-0.0,0.39691686630249023,166.20770138594662,1,160,45,1228,645,960,600,20
9,0,0.0,9.0,-0.0,0.40389418601989746,157.56268593801008,1,151,45,1228,645,960,600,20
9,0,0.0,9.0,-0.0,0.4128708839416504,148.95972610071487,1,142,45,1228,645,960,600,20
9,0,0.0,9.0,-0.0,0.4218461513519287,140.40655255364686,1,133,45,1228,645,960,600,20
9,0,0.0,9.0,-0.0,0.4318199157714844,131.91285001848757,1,124,45,1228,645,960,600,20
9,0,0.0,9.0,-0.0,0.43880128860473633,123.4908903522847,1,115,45,1228,645,960,600,20
8,0,0.0,8.0,-0.0,0.4487752914428711,116.0775602776006,1,107,45,1228,645,960,600,20
7,0,0.0,7.0,-0.0,0.45575976371765137,109.65856099730654,1,100,45,1228,645,960,600,20
6,0,0.0,6.0,-0.0,0.4657297134399414,104.21612159354233,1,94,45,1228,645,960,600,20
5,0,0.0,5.0,-0.0,0.4737081527709961,99.72963451251589,1,89,45,1228,645,960,600,20
4,0,0.0,4.0,-0.0,0.4816880226135254,96.17692030835673,1,85,45,1228,645,960,600,20
4,0,0.0,4.0,-0.0,0.4926607608795166,92.66067126888301,1,81,45,1228,645,960,600,20
4,0,0.0,4.0,-0.0,0.5006365776062012,89.1852005660132,1,77,45,1228,645,960,600,20
4,0,0.0,4.0,-0.0,0.5096132755279541,85.75546629807339,1,73,45,1228,645,960,600,20
4,0,0.0,4.0,-0.0,0.5176067352294922,82.37718130647589,1,69,45,1228,645,960,600,20
4,0,0.0,4.0,-0.0,0.5265693664550781,79.05694150420949,1,65,45,1228,645,960,600,20
4,0,0.0,4.0,-0.0,0.5335526466369629,75.8023746329889,1,61,45,1228,645,960,600,20
4,0,0.0,4.0,-0.0,0.5435264110565186,72.62231062146122,1,57,45,1228,645,960,600,20
4,0,0.0,4.0,-0.0,0.5515143871307373,69.52697318307479,1,53,45,1228,645,960,600,20
4,0,0.0,4.0,-0.0,0.5584864616394043,66.52818951391959,1,49,45,1228,645,960,600,20
4,0,0.0,4.0,-0.0,0.5674619674682617,63.63961030678928,1,45,45,1228,645,960,600,20
4,0,0.0,4.0,-0.0,0.5774364471435547,60.876925020897694,1,41,45,1228,645,960,600,20
4,0,0.0,4.0,-0.0,0.584418773651123,58.25804665451803,1,37,45,1228,645,960,600,20
4,0,0.0,4.0,-0.0,0.5943994522094727,55.80322571321482,1,33,45,1228,645,960,600,20
4,0,0.0,4.0,-0.0,0.6013991832733154,53.53503525729669,1,29,45,1228,645,960,600,20
4,1,0.0,4.0,1.0,0.6103484630584717,50.60632371551998,1,25,44,1228,645,960,600,20
4,1,0.0,4.0,1.0,0.6193382740020752,47.853944456021594,1,21,43,1228,645,960,600,20
4,1,0.0,4.0,1.0,0.6283009052276611,45.31004303683677,1,17,42,1228,645,960,600,20
4,1,0.0,4.0,1.0,0.6372764110565186,43.01162633521314,1,13,41,1228,645,960,600,20
4,1,0.0,4.0,1.0,0.6472499370574951,41.0,1,9,40,1228,645,960,600,20
3,1,0.0,3.0,1.0,0.655228853225708,39.45883931389772,1,6,39,1228,645,960,600,20
3,1,0.0,3.0,1.0,0.6652021408081055,38.118237105091836,1,3,38,1228,645,960,600,20
2,1,0.0,2.0,1.0,0.6731810569763184,37.013511046643494,1,1,37,1228,645,960,600,20
2,1,0.0,2.0,1.0,0.6811604499816895,36.013886210738214,1,-1,36,1228,645,960,600,20
1,1,0.0,1.0,1.0,0.6901364326477051,35.05709628591621,1,-2,35,1228,645,960,600,20
1,1,0.0,1.0,1.0,0.700110673904419,34.132096331752024,1,-3,34,1228,645,960,600,20
1,1,0.0,1.0,1.0,0.7110798358917236,33.24154027718932,1,-4,33,1228,645,960,600,20
1,1,0.0,1.0,1.0,0.7200613021850586,32.38826948140329,1,-5,32,1228,645,960,600,20
1,1,0.0,1.0,1.0,0.7290325164794922,31.575306807693888,1,-6,31,1228,645,960,600,20
1,1,0.0,1.0,1.0,0.7370257377624512,30.805843601498726,1,-7,30,1228,645,960,600,20
1,1,0.01,1.0,1.0,0.745988130569458,30.083217912982647,1,-8,29,1228,645,960,600,20
1,1,0.01,1.0,1.0,0.7549641132354736,29.410882339705484,1,-9,28,1228,645,960,600,20
1,1,0.01,1.0,1.0,0.7639400959014893,28.792360097775937,1,-10,27,1228,645,960,600,20
1,1,0.02,1.0,1.0,0.7729153633117676,28.231188426986208,1,-11,26,1228,645,960,600,20
1,1,0.02,1.0,1.0,0.7828989028930664,27.730849247724095,1,-12,25,1228,645,960,600,20
1,1,0.02,1.0,1.0,0.7898709774017334,27.294688127912362,1,-13,24,1228,645,960,600,20
1,1,0.02,1.0,1.0,0.7998719215393066,26.92582403567252,1,-14,23,1228,645,960,600,20
1,1,0.02,1.0,1.0,0.8088207244873047,26.627053911388696,1,-15,22,1228,645,960,600,20
1,1,0.04,1.0,1.0,0.8177967071533203,26.40075756488817,1,-16,21,1228,645,960,600,20
1,1,0.04,1.0,1.0,0.8277692794799805,26.248809496813376,1,-17,20,1228,645,960,600,20
1,1,0.05,1.0,1.0,0.8347616195678711,26.1725046566048,1,-18,19,1228,645,960,600,20
1,1,0.05,1.0,1.0,0.8447463512420654,26.1725046566048,1,-19,18,1228,645,960,600,20
1,1,0.05,1.0,1.0,0.8517162799835205,26.248809496813376,1,-20,17,1228,645,960,600,20
1,1,0.05,1.0,1.0,0.8606929779052734,26.40075756488817,1,-21,16,1228,645,960,600,20
1,1,0.07,1.0,1.0,0.8686718940734863,26.627053911388696,1,-22,15,1228,645,960,600,20
1,1,0.08,1.0,1.0,0.8776614665985107,26.92582403567252,1,-23,14,1228,645,960,600,20
1,1,0.12,1.0,1.0,0.8846280574798584,27.294688127912362,1,-24,13,1228,645,960,600,20
1,1,0.11,1.0,1.0,0.8946049213409424,27.730849247724095,1,-25,12,1228,645,960,600,20
1,1,0.12,1.0,1.0,0.9015834331512451,28.231188426986208,1,-26,11,1228,645,960,600,20
1,1,0.19,1.0,1.0,0.9105591773986816,28.792360097775937,1,-27,10,1228,645,960,600,20
1,1,0.2,1.0,1.0,0.9195630550384521,29.410882339705484,1,-28,9,1228,645,960,600,20
1,1,0.31,1.0,1.0,0.9295096397399902,30.083217912982647,1,-29,8,1228,645,960,600,20
1,1,0.32,1.0,1.0,0.9369950294494629,30.805843601498726,1,-30,7,1228,645,960,600,20
1,1,0.32,1.0,1.0,0.9479665756225586,31.575306807693888,1,-31,6,1228,645,960,600,20
1,1,0.28,1.0,1.0,0.9579811096191406,32.38826948140329,1,-32,5,1228,645,960,600,20
1,1,0.29,1.0,1.0,0.9659180641174316,33.24154027718932,1,-33,4,1228,645,960,600,20
1,1,0.19,1.0,1.0,0.9728994369506836,34.132096331752024,1,-34,3,1228,645,960,600,20
1,1,0.16,1.0,1.0,0.982872724533081,35.05709628591621,1,-35,2,1228,645,960,600,20
1,1,0.13,1.0,1.0,0.9918594360351562,36.013886210738214,1,-36,1,1228,645,960,600,20
1,1,0.11,1.0,1.0,0.9988307952880859,37.0,1,-37,0,1228,645,960,600,20
1,1,0.1,1.0,1.0,1.0078065395355225,38.01315561749642,1,-38,-1,1228,645,960,600,20
1,1,0.07,1.0,1.0,1.0167832374572754,39.05124837953327,1,-39,-2,1228,645,960,600,20
1,1,0.05,1.0,1.0,1.0267691612243652,40.11234224026316,1,-40,-3,1228,645,960,600,20
1,1,0.03,1.0,1.0,1.0337481498718262,41.19465984809196,1,-41,-4,1228,645,960,600,20
1,1,0.02,1.0,1.0,1.0427145957946777,42.2965719651132,1,-42,-5,1228,645,960,600,20
1,1,0.02,1.0,1.0,1.0516915321350098,43.41658669218482,1,-43,-6,1228,645,960,600,20
1,1,0.01,1.0,1.0,1.0606660842895508,44.553338819890925,1,-44,-7,1228,645,960,600,20
1,1,0.01,1.0,1.0,1.0706400871276855,45.70557952810576,1,-45,-8,1228,645,960,600,20
1,1,0.01,1.0,1.0,1.0776216983795166,46.87216658103186,1,-46,-9,1228,645,960,600,20
1,1,0.01,1.0,1.0,1.0865967273712158,48.05205510693585,1,-47,-10,1228,645,960,600,20
1,1,0.01,1.0,1.0,1.095574140548706,49.24428900898052,1,-48,-11,1228,645,960,600,20
1,1,0.01,1.0,1.0,1.1045565605163574,50.44799302251776,1,-49,-12,1228,645,960,600,20
1,1,0.0,1.0,1.0,1.1145236492156982,51.66236541235796,1,-50,-13,1228,645,960,600,20
1,1,0.0,1.0,1.0,1.1225013732910156,52.88667128870941,1,-51,-14,1228,645,960,600,20
1,1,0.0,1.0,1.0,1.1334724426269531,54.120236510939236,1,-52,-15,1228,645,960,600,20
1,1,0.0,1.0,1.0,1.1394574642181396,55.362442142665635,1,-53,-16,1228,645,960,600,20
1,1,0.0,1.0,1.0,1.1494312286376953,56.61271941887264,1,-54,-17,1228,645,960,600,20
1,1,0.0,1.0,1.0,1.157409906387329,57.87054518492115,1,-55,-18,1228,645,960,600,20
1,1,0.0,1.0,1.0,1.1653881072998047,59.135437767890075,1,-56,-19,1228,645,960,600,20
1,1,0.0,1.0,1.0,1.1743736267089844,60.40695324215582,1,-57,-20,1228,645,960,600,20
1,1,0.0,1.0,1.0,1.181373119354248,61.68468205316454,1,-58,-21,1228,645,960,600,20
1,1,0.0,1.0,1.0,1.1873292922973633,62.96824596572466,1,-59,-22,1228,645,960,600,20
1,1,0.0,1.0,1.0,1.1973035335540771,64.25729530566937,1,-60,-23,1228,645,960,600,20
1,1,0.0,1.0,1.0,1.2062804698944092,65.55150646628954,1,-61,-24,1228,645,960,600,20
1,1,0.0,1.0,1.0,1.216252088546753,66.85057965343307,1,-62,-25,1228,645,960,600,20
1,1,0.0,1.0,1.0,1.224236249923706,68.15423684555495,1,-63,-26,1228,645,960,600,20
1,1,0.0,1.0,1.0,1.2332103252410889,69.46221994724903,1,-64,-27,1228,645,960,600,20
1,1,0.0,1.0,1.0,1.2401883602142334,70.77428911688199,1,-65,-28,1228,645,960,600,20
1,1,0.0,1.0,1.0,1.2491703033447266,72.09022125087424,1,-66,-29,1228,645,960,600,20
1,1,0.0,1.0,1.0,1.2581403255462646,73.40980860893181,1,-67,-30,1228,645,960,600,20
1,1,0.0,1.0,1.0,1.2681140899658203,74.73285756613352,1,-68,-31,1228,645,960,600,20
1,1,0.0,1.0,1.0,1.2780885696411133,76.05918747922567,1,-69,-32,1228,645,960,600,20
1,1,0.0,1.0,1.0,1.288062572479248,77.38862965578342,1,-70,-33,1228,645,960,600,20
1,1,0.0,1.0,1.0,1.298034429550171,78.7210264160726,1,-71,-34,1228,645,960,600,20
1,1,0.0,1.0,1.0,1.3080086708068848,80.05623023850174,1,-72,-35,1228,645,960,600,20
1,1,0.0,1.0,1.0,1.3169851303100586,81.39410298049853,1,-73,-36,1228,645,960,600,20
1,1,0.0,1.0,1.0,1.3279547691345215,82.73451516749222,1,-74,-37,1228,645,960,600,20
1,1,0.0,1.0,1.0,1.3349359035491943,84.07734534343957,1,-75,-38,1228,645,960,600,20
1,1,0.0,1.0,1.0,1.3429157733917236,85.42247947700886,1,-76,-39,1228,645,960,600,20
1,1,0.0,1.0,1.0,1.3518922328948975,86.76981041814025,1,-77,-40,1228,645,960,600,20
1,1,0.0,1.0,1.0,1.3618664741516113,88.11923740024082,1,-78,-41,1228,645,960,600,20
1,1,0.0,1.0,1.0,1.369844913482666,89.47066558375433,1,-79,-42,1228,645,960,600,20
1,1,0.0,1.0,1.0,1.3778223991394043,90.82400563727631,1,-80,-43,1228,645,960,600,20
1,1,0.0,1.0,1.0,1.3867990970611572,92.17917335276988,1,-81,-44,1228,645,960,600,20
1,1,0.0,1.0,1.0,1.395775318145752,93.53608929178085,1,-82,-45,1228,645,960,600,20
1,1,0.0,1.0,1.0,1.4047515392303467,94.89467845985885,1,-83,-46,1228,645,960,600,20
1,1,0.0,1.0,1.0,1.4127306938171387,96.25487000666512,1,-84,-47,1228,645,960,600,20
1,1,0.0,1.0,1.0,1.4227025508880615,97.6165969494942,1,-85,-48,1228,645,960,600,20
1,1,0.0,1.0,1.0,1.43068265914917,98.97979591815695,1,-86,-49,1228,645,960,600,20
1,1,0.0,1.0,1.0,1.4376630783081055,100.34440691936945,1,-87,-50,1228,645,960,600,20
1,1,0.0,1.0,1.0,1.4466519355773926,101.71037311896953,1,-88,-51,1228,645,960,600,20
1,1,0.0,1.0,1.0,1.454627513885498,103.07764064044152,1,-89,-52,1228,645,960,600,20
1,1,0.0,1.0,1.0,1.4645943641662598,104.44615837837216,1,-90,-53,1228,645,960,600,20
1,1,0.0,1.0,1.0,1.4735684394836426,105.8158778255891,1,-91,-54,1228,645,960,600,20
1,1,0.0,1.0,1.0,1.4835412502288818,107.18675291284833,1,-92,-55,1228,645,960,600,20
1,1,0.0,1.0,1.0,1.4925177097320557,108.55873986004075,1,-93,-56,1228,645,960,600,20
1,1,0.0,1.0,1.0,1.5004966259002686,109.9317970379817,1,-94,-57,1228,645,960,600,20
1,1,0.0,1.0,1.0,1.507476806640625,111.30588483993108,1,-95,-58,1228,645,960,600,20
1,1,0.0,1.0,1.0,1.5164532661437988,112.6809655620682,1,-96,-59,1228,645,960,600,20
1,1,0.0,1.0,1.0,1.5254299640655518,114.0570032922135,1,-97,-60,1228,645,960,600,20
1,1,0.0,1.0,1.0,1.5334103107452393,115.43396380615195,1,-98,-61,1228,645,960,600,20
1,1,0.0,1.0,1.0,1.544379472732544,116.81181447096864,1,-99,-62,1228,645,960,600,20
