dx,dy,button,rx,ry,time,distance,targetID,directionX,directionY,targetX,targetY,initMouseX,initMouseY,targetSize
-2,-1,0.0,-3.0,-1.5,0.05585074424743652,743.4805903273156,1,-727,-198,165,200,895,399,20
-4,-2,0.0,-6.0,-3.0,0.06283211708068848,736.9042776688322,1,-721,-195,165,200,895,399,20
-6,-3,0.0,-9.0,-4.5,0.07082486152648926,727.173656610164,1,-712,-191,165,200,895,399,20
-8,-4,0.0,-12.0,-6.0,0.07978701591491699,714.0338389882064,1,-700,-185,165,200,895,399,20
-10,-5,0.0,-15.0,-7.5,0.08776617050170898,697.7492493814458,1,-685,-178,165,200,895,399,20
-12,-5,0.0,-18.0,-7.5,0.09574460983276367,678.5709839951144,1,-667,-171,165,200,895,399,20
-14,-5,0.0,-21.0,-7.5,0.10571861267089844,656.4923105332874,1,-646,-164,165,200,895,399,20
-15,-5,0.0,-22.5,-7.5,0.11469531059265137,633.4477445760456,1,-624,-157,165,200,895,399,20
-16,-5,0.0,-24.0,-7.5,0.12367033958435059,608.4658438426491,1,-600,-150,165,200,895,399,20
-17,-5,0.0,-25.5,-7.5,0.13164949417114258,582.5149787136187,1,-575,-143,165,200,895,399,20
-18,-5,0.0,-27.0,-7.5,0.13866066932678223,554.6237685397242,1,-548,-136,165,200,895,399,20
-19,-5,0.0,-28.5,-7.5,0.14960217475891113,525.7620740589987,1,-520,-129,165,200,895,399,20
-19,-5,0.0,-28.5,-7.5,0.15757989883422852,496.90038469111465,1,-492,-122,165,200,895,399,20
-19,-5,0.0,-28.5,-7.5,0.16655707359313965,468.0387013621387,1,-464,-115,165,200,895,399,20
-19,-5,0.0,-28.5,-7.5,0.17453432083129883,439.17702523615344,1,-436,-108,165,200,895,399,20
-19,-5,0.0,-28.5,-7.5,0.1845080852508545,410.31535779697606,1,-408,-101,165,200,895,399,20
-18,-5,0.0,-27.0,-7.5,0.19248652458190918,382.4245150344203,1,-381,-94,165,200,895,399,20
-17,-5,0.0,-25.5,-7.5,0.20245981216430664,356.47646582011237,1,-356,-87,165,200,895,399,20
-16,-5,0.0,-24.0,-7.5,0.21143627166748047,331.5025622158639,1,-332,-80,165,200,895,399,20
-15,-5,0.0,-22.5,-7.5,0.2204132080078125,308.47919869278746,1,-310,-73,165,200,895,399,20
-14,-5,0.0,-21.0,-7.5,0.22739434242248535,286.4405505324803,1,-289,-66,165,200,895,399,20
-13,-5,0.0,-19.5,-7.5,0.23637008666992188,266.37112729082247,1,-270,-59,165,200,895,399,20
-12,-5,0.0,-18.0,-7.5,0.24335217475891113,247.30915257720625,1,-252,-52,165,200,895,399,20
-11,-5,0.0,-16.5,-7.5,0.2513306140899658,230.25195108468944,1,-236,-45,165,200,895,399,20
-10,-5,0.0,-15.0,-7.5,0.2593092918395996,214.24317157942625,1,-221,-38,165,200,895,399,20
-9,-5,0.0,-13.5,-7.5,0.26828479766845703,200.2974084481309,1,-208,-31,165,200,895,399,20
-8,-5,0.0,-12.0,-7.5,0.2762632369995117,187.46392075515973,1,-196,-24,165,200,895,399,20
-8,-5,0.0,-12.0,-7.5,0.28523993492126465,174.78365728602733,1,-184,-17,165,200,895,399,20
-8,-4,0.0,-12.0,-6.0,0.29421567916870117,162.35138525698017,1,-172,-11,165,200,895,399,20
-8,-4,0.0,-12.0,-6.0,0.30219483375549316,150.0781059358212,1,-160,-5,165,200,895,399,20
-8,-3,0.0,-12.0,-4.5,0.31017255783081055,138.00337833982033,1,-148,-1,165,200,895,399,20
-8,-3,0.0,-12.0,-4.5,0.3191487789154053,126.03308421115798,1,-136,3,165,200,895,399,20
-8,-3,0.0,-12.0,-4.5,0.3281252384185791,114.19742348374221,1,-124,7,165,200,895,399,20
-8,-3,0.0,-12.0,-4.5,0.3371012210845947,102.53888216967503,1,-112,11,165,200,895,399,20
-8,-3,0.0,-12.0,-4.5,0.3470754623413086,91.11874208078342,1,-100,15,165,200,895,399,20
-8,-3,0.0,-12.0,-4.5,0.3550539016723633,80.02777349240623,1,-88,19,165,200,895,399,20
-8,-3,0.0,-12.0,-4.5,0.36403846740722656,69.40403012442127,1,-76,23,165,200,895,399,20
-8,-3,0.0,-12.0,-4.5,0.37300610542297363,59.462219947249025,1,-64,27,165,200,895,399,20
-8,-3,0.0,-12.0,-4.5,0.3829796314239502,50.53924347066124,1,-52,31,165,200,895,399,20
-8,-3,0.0,-12.0,-4.5,0.3909573554992676,43.150729063673246,1,-40,35,165,200,895,399,20
-8,-3,0.0,-12.0,-4.5,0.40093135833740234,38.010415536631214,1,-28,39,165,200,895,399,20
-8,-2,0.0,-12.0,-3.0,0.4099082946777344,34.94441010848846,1,-16,42,165,200,895,399,20
-7,-2,0.0,-10.5,-3.0,0.4188833236694336,35.39823785126467,1,-6,45,165,200,895,399,20
-7,-1,0.0,-10.5,-1.5,0.4268624782562256,36.17358552246078,1,4,46,165,200,895,399,20
-6,-1,0.0,-9.0,-1.5,0.43683552742004395,38.76474136094644,1,13,47,165,200,895,399,20
-5,-1,0.0,-7.5,-1.5,0.4438183307647705,42.0,1,20,48,165,200,895,399,20
-4,-1,0.0,-6.0,-1.5,0.4537932872772217,45.47071299343465,1,26,49,165,200,895,399,20
-3,-1,0.0,-4.5,-1.5,0.46376514434814453,48.309518948453004,1,30,50,165,200,895,399,20
-3,-1,0.0,-4.5,-1.5,0.47273993492126465,51.29437168288782,1,34,51,165,200,895,399,20
-2,-1,0.0,-3.0,-1.5,0.4807240962982178,53.8200595424354,1,37,52,165,200,895,399,20
-2,-1,0.01,-3.0,-1.5,0.49169373512268066,56.40030120413611,1,40,53,165,200,895,399,20
-1,-1,0.01,-1.5,-1.5,0.5016665458679199,57.801179930735714,1,41,54,165,200,895,399,20
-1,0,0.03,-1.5,-0.0,0.5106432437896729,58.410525505948286,1,42,54,165,200,895,399,20
0,0,0.06,-0.0,-0.0,0.5186214447021484,58.410525505948286,1,42,54,165,200,895,399,20
0,0,0.15,-0.0,-0.0,0.5266008377075195,58.410525505948286,1,42,54,165,200,895,399,20
0,0,0.19,-0.0,-0.0,0.535576343536377,58.410525505948286,1,42,54,165,200,895,399,20
0,0,0.45,-0.0,-0.0,0.5435550212860107,58.410525505948286,1,42,54,165,200,895,399,20
0,0,0.58,-0.0,-0.0,0.5535283088684082,58.410525505948286,1,42,54,165,200,895,399,20
0,0,0.65,-0.0,-0.0,0.5615072250366211,58.410525505948286,1,42,54,165,200,895,399,20
0,0,0.47,-0.0,-0.0,0.5704827308654785,58.410525505948286,1,42,54,165,200,895,399,20
0,0,0.4,-0.0,-0.0,0.5799813270568848,58.410525505948286,1,42,54,165,200,895,399,20
0,0,0.35,-0.0,-0.0,0.5889377593994141,58.410525505948286,1,42,54,165,200,895,399,20
0,0,0.41,-0.0,-0.0,0.599907636642456,58.410525505948286,1,42,54,165,200,895,399,20
0,0,0.45,-0.0,-0.0,0.6068892478942871,58.410525505948286,1,42,54,165,200,895,399,20
0,0,0.45,-0.0,-0.0,0.6158657073974609,58.410525505948286,1,42,54,165,200,895,399,20
0,0,0.5,-0.0,-0.0,0.6248419284820557,58.410525505948286,1,42,54,165,200,895,399,20
0,0,0.51,-0.0,-0.0,0.6338176727294922,58.410525505948286,1,42,54,165,200,895,399,20
0,0,0.56,-0.0,-0.0,0.6417961120605469,58.410525505948286,1,42,54,165,200,895,399,20
0,0,0.57,-0.0,-0.0,0.6517703533172607,58.410525505948286,1,42,54,165,200,895,399,20
0,0,0.59,-0.0,-0.0,0.6577537059783936,58.410525505948286,1,42,54,165,200,895,399,20
0,0,0.58,-0.0,-0.0,0.6667301654815674,58.410525505948286,1,42,54,165,200,895,399,20
0,0,0.59,-0.0,-0.0,0.6757066249847412,58.410525505948286,1,42,54,165,200,895,399,20
0,0,0.59,-0.0,-0.0,0.6856791973114014,58.410525505948286,1,42,54,165,200,895,399,20
0,0,0.58,-0.0,-0.0,0.6936578750610352,58.410525505948286,1,42,54,165,200,895,399,20
0,0,0.58,-0.0,-0.0,0.7026338577270508,58.410525505948286,1,42,54,165,200,895,399,20
0,0,0.58,-0.0,-0.0,0.7126073837280273,58.410525505948286,1,42,54,165,200,895,399,20
0,0,0.58,-0.0,-0.0,0.720585823059082,58.410525505948286,1,42,54,165,200,895,399,20
0,0,0.58,-0.0,-0.0,0.7295620441436768,58.410525505948286,1,42,54,165,200,895,399,20
0,0,0.58,-0.0,-0.0,0.7385387420654297,58.410525505948286,1,42,54,165,200,895,399,20
0,0,0.58,-0.0,-0.0,0.7485120296478271,58.410525505948286,1,42,54,165,200,895,399,20
0,0,0.58,-0.0,-0.0,0.7554926872253418,58.410525505948286,1,42,54,165,200,895,399,20
0,0,0.58,-0.0,-0.0,0.7664647102355957,58.410525505948286,1,42,54,165,200,895,399,20
0,0,0.58,-0.0,-0.0,0.7734451293945312,58.410525505948286,1,42,54,165,200,895,399,20
0,0,0.58,-0.0,-0.0,0.781987190246582,58.410525505948286,1,42,54,165,200,895,399,20
0,0,0.58,-0.0,-0.0,0.7909636497497559,58.410525505948286,1,42,54,165,200,895,399,20
0,0,0.58,-0.0,-0.0,0.7999391555786133,58.410525505948286,1,42,54,165,200,895,399,20
0,0,0.58,-0.0,-0.0,0.8089168071746826,58.410525505948286,1,42,54,165,200,895,399,20
0,0,0.58,-0.0,-0.0,0.8198864459991455,58.410525505948286,1,42,54,165,200,895,399,20
0,0,0.58,-0.0,-0.0,0.8278651237487793,58.410525505948286,1,42,54,165,200,895,399,20
0,0,0.58,-0.0,-0.0,0.835843563079834,58.410525505948286,1,42,54,165,200,895,399,20
0,0,0.58,-0.0,-0.0,0.8458170890808105,58.410525505948286,1,42,54,165,200,895,399,20
0,0,0.58,-0.0,-0.0,0.8547933101654053,58.410525505948286,1,42,54,165,200,895,399,20
0,0,0.58,-0.0,-0.0,0.8627722263336182,58.410525505948286,1,42,54,165,200,895,399,20
0,0,0.58,-0.0,-0.0,0.8717479705810547,58.410525505948286,1,42,54,165,200,895,399,20
0,0,0.58,-0.0,-0.0,0.8807246685028076,58.410525505948286,1,42,54,165,200,895,399,20
0,0,0.58,-0.0,-0.0,0.8906974792480469,58.410525505948286,1,42,54,165,200,895,399,20
0,0,0.58,-0.0,-0.0,0.8996744155883789,58.410525505948286,1,42,54,165,200,895,399,20
0,0,0.58,-0.0,-0.0,0.9076521396636963,58.410525505948286,1,42,54,165,200,895,399,20
0,0,0.58,-0.0,-0.0,0.9186298847198486,58.410525505948286,1,42,54,165,200,895,399,20
0,0,0.58,-0.0,-0.0,0.925605297088623,58.410525505948286,1,42,54,165,200,895,399,20
0,0,0.58,-0.0,-0.0,0.9335837364196777,58.410525505948286,1,42,54,165,200,895,399,20
0,0,0.58,-0.0,-0.0,0.9425594806671143,58.410525505948286,1,42,54,165,200,895,399,20
0,0,0.58,-0.0,-0.0,0.952533483505249,58.410525505948286,1,42,54,165,200,895,399,20
0,0,0.58,-0.0,-0.0,0.9605116844177246,58.410525505948286,1,42,54,165,200,895,399,20
0,0,0.58,-0.0,-0.0,0.9704849720001221,58.410525505948286,1,42,54,165,200,895,399,20
0,0,0.58,-0.0,-0.0,0.9794611930847168,58.410525505948286,1,42,54,165,200,895,399,20
0,0,0.58,-0.0,-0.0,0.9874398708343506,58.410525505948286,1,42,54,165,200,895,399,20
0,0,0.58,-0.0,-0.0,0.9954185485839844,58.410525505948286,1,42,54,165,200,895,399,20
0,0,0.58,-0.0,-0.0,1.0053915977478027,58.410525505948286,1,42,54,165,200,895,399,20
