dx,dy,button,rx,ry,time,distance,targetID,directionX,directionY,targetX,targetY,initMouseX,initMouseY,targetSize
-140,-444,0.0,-140.0,-444.0,0.03691720962524414,503.91147097530325,1,-237,456,583,612,960,600,20
-123,0,0.0,-123.0,0,0.044884681701660156,611.5440451005866,1,-114,611,583,612,960,600,20
-194,0,0.0,-194.0,0,0.056884765625,606.2150598614091,1,80,611,583,612,960,600,20
-339,110,0.0,-339.0,110.0,0.06885027885437012,643.1171411010432,1,419,501,583,612,960,600,20
-82,480,0.0,-82.0,480.0,0.07583498954772949,491.43992661135394,1,501,21,583,612,960,600,20
4,242,1.0,4.0,242.0,0.08577990531921387,533.9209501388966,1,497,-221,583,612,960,600,20
55,9,1.0,55.0,9.0,0.09276294708251953,488.26097579481376,1,442,-230,583,612,960,600,20
-30,-29,1.0,-30.0,-29.0,0.10175013542175293,503.01559430489056,1,472,-201,583,612,960,600,20
16,-3,1.0,16.0,-3.0,0.10973882675170898,487.1317732754566,1,456,-198,583,612,960,600,20
8,41,0.0,8.0,41.0,0.11872243881225586,497.76470928964727,1,448,-239,583,612,960,600,20
2,24,1.0,2.0,24.0,0.12670230865478516,507.7692536255895,1,446,-263,583,612,960,600,20
-68,71,1.0,-68.0,71.0,0.1356513500213623,602.9861336115198,1,514,-334,583,612,960,600,20
-2,12,1.0,-2.0,12.0,0.14462971687316895,611.2664484744046,1,516,-346,583,612,960,600,20
47,-21,0.0,47.0,-21.0,0.15762805938720703,560.6014370819618,1,469,-325,583,612,960,600,20
56,32,0.0,56.0,32.0,0.16959547996520996,535.9102490336667,1,413,-357,583,612,960,600,20
35,57,0.0,35.0,57.0,0.17657971382141113,550.6068140863077,1,378,-414,583,612,960,600,20
22,17,1.0,22.0,17.0,0.18553924560546875,549.0143110869345,1,356,-431,583,612,960,600,20
22,-28,1.0,22.0,-28.0,0.19450020790100098,513.4166600329035,1,334,-403,583,612,960,600,20
9,-6,1.0,9.0,-6.0,0.2034776210784912,503.06334891512176,1,325,-397,583,612,960,600,20
-2,9,0.0,-2.0,9.0,0.21248745918273926,511.3108477674333,1,327,-406,583,612,960,600,20
-2,5,0.0,-2.0,5.0,0.22145962715148926,516.4617744907981,1,329,-411,583,612,960,600,20
0,0,1.0,-0.0,-0.0,0.23044037818908691,516.4617744907981,1,329,-411,583,612,960,600,20
0,1,0.91,-0.0,1.0,0.24038243293762207,517.2428283058955,1,329,-412,583,612,960,600,20
0,1,0.91,-0.0,1.0,0.2493605613708496,518.024620638091,1,329,-413,583,612,960,600,20
0,1,0.91,-0.0,1.0,0.25837206840515137,518.8071482118978,1,329,-414,583,612,960,600,20
0,1,0.91,-0.0,1.0,0.2673349380493164,519.5904077681166,1,329,-415,583,612,960,600,20
0,1,0.91,-0.0,1.0,0.2762901782989502,520.3743960637618,1,329,-416,583,612,960,600,20
0,1,0.91,-0.0,1.0,0.28526759147644043,521.1591098719855,1,329,-417,583,612,960,600,20
0,1,0.91,-0.0,1.0,0.2952415943145752,521.9445459820037,1,329,-418,583,612,960,600,20
0,1,0.91,-0.0,1.0,0.3032212257385254,522.7307011990205,1,329,-419,583,612,960,600,20
0,1,0.91,-0.0,1.0,0.3121981620788574,523.5175723441544,1,329,-420,583,612,960,600,20
0,1,0.91,-0.0,1.0,0.32117509841918945,524.3051562543637,1,329,-421,583,612,960,600,20
0,1,0.91,-0.0,1.0,0.3301818370819092,525.0934497823721,1,329,-422,583,612,960,600,20
0,1,0.91,-0.0,1.0,0.34012675285339355,525.8824497965949,1,329,-423,583,612,960,600,20
0,1,0.91,-0.0,1.0,0.34810614585876465,526.6721531810646,1,329,-424,583,612,960,600,20
0,1,0.91,-0.0,1.0,0.35608696937561035,527.4625568353576,1,329,-425,583,612,960,600,20
0,1,0.91,-0.0,1.0,0.3660597801208496,528.2536576745206,1,329,-426,583,612,960,600,20
0,1,0.91,-0.0,1.0,0.37503719329833984,529.0454526289967,1,329,-427,583,612,960,600,20
0,1,0.91,-0.0,1.0,0.38401365280151367,529.8379386445529,1,329,-428,583,612,960,600,20
0,1,0.91,-0.0,1.0,0.3929910659790039,530.6311126822059,1,329,-429,583,612,960,600,20
0,1,0.91,-0.0,1.0,0.40197014808654785,531.4249717181505,1,329,-430,583,612,960,600,20
0,1,0.91,-0.0,1.0,0.4119422435760498,532.2195127436858,1,329,-431,583,612,960,600,20
0,1,0.91,-0.0,1.0,0.4199221134185791,533.0147327651433,1,329,-432,583,612,960,600,20
0,1,0.91,-0.0,1.0,0.42690372467041016,533.8106288038144,1,329,-433,583,612,960,600,20
0,1,0.91,-0.0,1.0,0.4358808994293213,534.607197895878,1,329,-434,583,612,960,600,20
0,1,0.91,-0.0,1.0,0.4438602924346924,535.4044370923287,1,329,-435,583,612,960,600,20
0,1,0.91,-0.0,1.0,0.45284032821655273,536.2023434589054,1,329,-436,583,612,960,600,20
0,1,0.91,-0.0,1.0,0.4628133773803711,537.0009140760187,1,329,-437,583,612,960,600,20
0,1,0.91,-0.0,1.0,0.47081851959228516,537.8001460386807,1,329,-438,583,612,960,600,20
0,1,0.91,-0.0,1.0,0.4797682762145996,538.6000364564334,1,329,-439,583,612,960,600,20
0,1,0.91,-0.0,1.0,0.48874592781066895,539.400582453277,1,329,-440,583,612,960,600,20
0,1,0.91,-0.0,1.0,0.4977562427520752,540.2017811676004,1,329,-441,583,612,960,600,20
0,1,0.91,-0.0,1.0,0.5067000389099121,541.0036297521098,1,329,-442,583,612,960,600,20
0,1,0.91,-0.0,1.0,0.5156762599945068,541.8061253737584,1,329,-443,583,612,960,600,20
0,1,0.91,-0.0,1.0,0.5246539115905762,542.609265213677,1,329,-444,583,612,960,600,20
0,1,0.91,-0.0,1.0,0.5336508750915527,543.4130464671031,1,329,-445,583,612,960,600,20
0,1,0.91,-0.0,1.0,0.5426070690155029,544.2174663433118,1,329,-446,583,612,960,600,20
0,1,0.91,-0.0,1.0,0.5516159534454346,545.0225220655465,1,329,-447,583,612,960,600,20
0,1,0.91,-0.0,1.0,0.5605607032775879,545.8282108709489,1,329,-448,583,612,960,600,20
0,1,0.91,-0.0,1.0,0.5695672035217285,546.6345300104908,1,329,-449,583,612,960,600,20
0,1,0.91,-0.0,1.0,0.5785152912139893,547.441476748905,1,329,-450,583,612,960,600,20
0,1,0.91,-0.0,1.0,0.587522029876709,548.2490483646166,1,329,-451,583,612,960,600,20
0,1,0.91,-0.0,1.0,0.597465991973877,549.0572421496747,1,329,-452,583,612,960,600,20
0,1,0.91,-0.0,1.0,0.6054720878601074,549.8660554096846,1,329,-453,583,612,960,600,20
0,1,0.91,-0.0,1.0,0.6144235134124756,550.6754854637395,1,329,-454,583,612,960,600,20
0,1,0.91,-0.0,1.0,0.6224021911621094,551.4855296443534,1,329,-455,583,612,960,600,20
0,1,0.91,-0.0,1.0,0.6323761940002441,552.2961852973929,1,329,-456,583,612,960,600,20
0,1,0.91,-0.0,1.0,0.6423506736755371,553.1074497820109,1,329,-457,583,612,960,600,20
0,1,0.91,-0.0,1.0,0.6513288021087646,553.9193204705794,1,329,-458,583,612,960,600,20
0,1,0.91,-0.0,1.0,0.661301851272583,554.7317947486223,1,329,-459,583,612,960,600,20
0,1,0.91,-0.0,1.0,0.6713113784790039,555.5448700147496,1,329,-460,583,612,960,600,20
0,1,0.91,-0.0,1.0,0.6802566051483154,556.3585436805911,1,329,-461,583,612,960,600,20
0,1,0.91,-0.0,1.0,0.6892306804656982,557.1728131707301,1,329,-462,583,612,960,600,20
0,1,0.91,-0.0,1.0,0.6972105503082275,557.9876759226383,1,329,-463,583,612,960,600,20
0,1,0.91,-0.0,1.0,0.7061867713928223,558.8031293866095,1,329,-464,583,612,960,600,20
0,1,0.91,-0.0,1.0,0.715191125869751,559.619171025695,1,329,-465,583,612,960,600,20
0,1,0.91,-0.0,1.0,0.7231457233428955,560.4357983156386,1,329,-466,583,612,960,600,20
0,1,0.91,-0.0,1.0,0.7331178188323975,561.2530087448117,1,329,-467,583,612,960,600,20
0,1,0.91,-0.0,1.0,0.7420947551727295,562.0707998141489,1,329,-468,583,612,960,600,20
0,1,0.91,-0.0,1.0,0.7511048316955566,562.8891690370834,1,329,-469,583,612,960,600,20
0,1,0.91,-0.0,1.0,0.7610459327697754,563.7081139394841,1,329,-470,583,612,960,600,20
0,1,0.91,-0.0,1.0,0.7700502872467041,564.5276320595904,1,329,-471,583,612,960,600,20
0,1,0.91,-0.0,1.0,0.7790012359619141,565.3477209479498,1,329,-472,583,612,960,600,20
0,1,0.91,-0.0,1.0,0.7879784107208252,566.1683781673548,1,329,-473,583,612,960,600,20
0,1,0.91,-0.0,1.0,0.7969536781311035,566.989601292779,1,329,-474,583,612,960,600,20
0,1,0.91,-0.0,1.0,0.8069291114807129,567.8113879113149,1,329,-475,583,612,960,600,20
0,1,0.91,-0.0,1.0,0.8139381408691406,568.6337356221118,1,329,-476,583,612,960,600,20
0,1,0.91,-0.0,1.0,0.8239054679870605,569.4566420363132,1,329,-477,583,612,960,600,20
0,1,0.91,-0.0,1.0,0.8318655490875244,570.2801047769948,1,329,-478,583,612,960,600,20
0,1,0.91,-0.0,1.0,0.8408422470092773,571.1041214791029,1,329,-479,583,612,960,600,20
0,1,0.91,-0.0,1.0,0.848841667175293,571.9286897893934,1,329,-480,583,612,960,600,20
0,1,0.91,-0.0,1.0,0.8578062057495117,572.7538073663698,1,329,-481,583,612,960,600,20
0,1,0.91,-0.0,1.0,0.8667747974395752,573.579471880223,1,329,-482,583,612,960,600,20
0,1,0.91,-0.0,1.0,0.8757839202880859,574.4056810127704,1,329,-483,583,612,960,600,20
0,1,0.91,-0.0,1.0,0.8847284317016602,575.2324324573955,1,329,-484,583,612,960,600,20
0,1,0.91,-0.0,1.0,0.8947362899780273,576.0597239189876,1,329,-485,583,612,960,600,20
0,1,0.91,-0.0,1.0,0.9027152061462402,576.8875531138823,1,329,-486,583,612,960,600,20
0,1,0.91,-0.0,1.0,0.9116601943969727,577.7159177698014,1,329,-487,583,612,960,600,20
0,1,0.91,-0.0,1.0,0.9206655025482178,578.5448156257942,1,329,-488,583,612,960,600,20
0,1,0.91,-0.0,1.0,0.9296131134033203,579.3742444321774,1,329,-489,583,612,960,600,20
0,1,0.91,-0.0,1.0,0.9386031627655029,580.2042019504775,1,329,-490,583,612,960,600,20
0,1,0.91,-0.0,1.0,0.9475672245025635,581.0346859533711,1,329,-491,583,612,960,600,20
0,1,0.91,-0.0,1.0,0.9565436840057373,581.8656942246273,1,329,-492,583,612,960,600,20
0,1,0.91,-0.0,1.0,0.965552568435669,582.6972245590492,1,329,-493,583,612,960,600,20
0,1,0.91,-0.0,1.0,0.9754958152770996,583.5292747624164,1,329,-494,583,612,960,600,20
0,1,0.91,-0.0,1.0,0.9824786186218262,584.3618426514273,1,329,-495,583,612,960,600,20
0,1,0.91,-0.0,1.0,0.991455078125,585.1949260536417,1,329,-496,583,612,960,600,20
0,1,0.91,-0.0,1.0,1.0004322528839111,586.028522807424,1,329,-497,583,612,960,600,20
0,1,0.91,-0.0,1.0,1.0094091892242432,586.8626307618864,1,329,-498,583,612,960,600,20
0,1,0.91,-0.0,1.0,1.018418550491333,587.6972477768322,1,329,-499,583,612,960,600,20
0,1,0.91,-0.0,1.0,1.0273633003234863,588.5323717226997,1,329,-500,583,612,960,600,20
0,1,0.91,-0.0,1.0,1.0373380184173584,589.3680004805061,1,329,-501,583,612,960,600,20
0,1,0.91,-0.0,1.0,1.0453217029571533,590.204131941792,1,329,-502,583,612,960,600,20
0,1,0.91,-0.0,1.0,1.0552914142608643,591.0407640085654,1,329,-503,583,612,960,600,20
