dx,dy,button,rx,ry,time,distance,targetID,directionX,directionY,targetX,targetY,initMouseX,initMouseY,targetSize
2,0,0,2.0,-0.0,0.06624054908752441,366.44255869919914,1,322,-195,1284,405,960,600,20
2,0,0,2.0,-0.0,0.0741875171661377,364.73323845103465,1,320,-195,1284,405,960,600,20
4,1,0,4.0,1.0,0.08209657669067383,361.8494318941472,1,316,-196,1284,405,960,600,20
3,0,0,3.0,-0.0,0.09007954597473145,359.3033983055125,1,313,-196,1284,405,960,600,20
4,0,0,4.0,-0.0,0.09824872016906738,355.9193900300994,1,309,-196,1284,405,960,600,20
5,0,0,5.0,-0.0,0.10726356506347656,351.7070637961056,1,304,-196,1284,405,960,600,20
5,0,0,5.0,-0.0,0.11426353454589844,347.5150346488942,1,299,-196,1284,405,960,600,20
5,0,0,5.0,-0.0,0.12204957008361816,343.34402499547093,1,294,-196,1284,405,960,600,20
5,0,0,5.0,-0.0,0.13022756576538086,339.1947880481609,1,289,-196,1284,405,960,600,20
6,1,0,6.0,1.0,0.13819360733032227,334.81589290518497,1,283,-197,1284,405,960,600,20
6,0,0,6.0,-0.0,0.14611363410949707,329.90881130091344,1,277,-197,1284,405,960,600,20
23,0,0,23.0,-0.0,0.18033051490783691,311.4420632089086,1,254,-197,1284,405,960,600,20
5,0,0,5.0,-0.0,0.18810653686523438,307.5059054568907,1,249,-197,1284,405,960,600,20
6,-2,0,6.0,-2.0,0.19615554809570312,301.5670072392133,1,243,-195,1284,405,960,600,20
6,-3,0,6.0,-3.0,0.20410370826721191,295.0131144721486,1,237,-192,1284,405,960,600,20
8,-3,0,8.0,-3.0,0.2121117115020752,286.9208648781692,1,229,-189,1284,405,960,600,20
9,-3,0,9.0,-3.0,0.22011756896972656,278.0902636327719,1,220,-186,1284,405,960,600,20
10,-4,0,10.0,-4.0,0.22797656059265137,267.8920653779089,1,210,-182,1284,405,960,600,20
9,-5,0,9.0,-5.0,0.2360537052154541,257.8245694479877,1,201,-177,1284,405,960,600,20
10,-6,0,10.0,-6.0,0.24402952194213867,246.36302385484532,1,191,-171,1284,405,960,600,20
9,-6,0,9.0,-6.0,0.25206565856933594,235.66033460858105,1,182,-165,1284,405,960,600,20
9,-5,0,9.0,-5.0,0.2601785659790039,225.64592082189753,1,173,-160,1284,405,960,600,20
9,-7,0,9.0,-7.0,0.26837754249572754,214.28776159211185,1,164,-153,1284,405,960,600,20
9,-8,0,9.0,-8.0,0.27637767791748047,202.24985276791125,1,155,-145,1284,405,960,600,20
8,-6,0,8.0,-6.0,0.2841477394104004,192.3116407921205,1,147,-139,1284,405,960,600,20
6,-7,0,6.0,-7.0,0.29221057891845703,183.14502323383846,1,141,-132,1284,405,960,600,20
6,-8,0,6.0,-8.0,0.30013060569763184,173.3057555015663,1,135,-124,1284,405,960,600,20
6,-7,0,6.0,-7.0,0.30808067321777344,164.1551032843999,1,129,-117,1284,405,960,600,20
8,-7,0,8.0,-7.0,0.316098690032959,153.52675622050356,1,121,-110,1284,405,960,600,20
7,-6,0,7.0,-6.0,0.3240985870361328,144.31137352768266,1,114,-104,1284,405,960,600,20
7,-6,0,7.0,-6.0,0.33208560943603516,135.09651959988565,1,107,-98,1284,405,960,600,20
6,-5,0,6.0,-5.0,0.3401155471801758,127.2953021774598,1,101,-93,1284,405,960,600,20
6,-5,0,6.0,-5.0,0.3480556011199951,119.49517365523704,1,95,-88,1284,405,960,600,20
5,-4,0,5.0,-4.0,0.3561437129974365,113.10970717209915,1,90,-84,1284,405,960,600,20
4,-3,0,4.0,-3.0,0.36418771743774414,108.1397477566293,1,86,-81,1284,405,960,600,20
3,-1,0,3.0,-1.0,0.3721756935119629,105.27792503337315,1,83,-80,1284,405,960,600,20
2,0,0,2.0,-0.0,0.3801896572113037,103.84638773364749,1,81,-80,1284,405,960,600,20
2,-1,0,2.0,-1.0,0.3881525993347168,101.72287142747452,1,79,-79,1284,405,960,600,20
1,0,0,1.0,-0.0,0.40392470359802246,101.01801655587259,1,78,-79,1284,405,960,600,20
0,-1,0,-0.0,-1.0,0.44415855407714844,100.30865786510141,1,78,-78,1284,405,960,600,20
1,0,0,1.0,-0.0,0.45214152336120605,99.60383204979651,1,77,-78,1284,405,960,600,20
1,-1,0,1.0,-1.0,0.46016573905944824,98.18964830333815,1,76,-77,1284,405,960,600,20
3,-1,0,3.0,-1.0,0.46817755699157715,95.38026380684383,1,73,-76,1284,405,960,600,20
2,-2,0,2.0,-2.0,0.4761357307434082,92.55242561733974,1,71,-74,1284,405,960,600,20
3,-1,0,3.0,-1.0,0.4839487075805664,89.76472322419383,1,68,-73,1284,405,960,600,20
2,-2,0,2.0,-2.0,0.49202561378479004,86.93812459502195,1,66,-71,1284,405,960,600,20
1,-1,0,1.0,-1.0,0.5001416206359863,85.524865872714,1,65,-70,1284,405,960,600,20
1,-1,0,1.0,-1.0,0.5080626010894775,84.11163583744573,1,64,-69,1284,405,960,600,20
1,-2,0,1.0,-2.0,0.5160706043243408,81.96738552334735,1,63,-67,1284,405,960,600,20
1,-2,0,1.0,-2.0,0.5241265296936035,79.8276126811795,1,62,-65,1284,405,960,600,20
1,-2,0,1.0,-2.0,0.5322496891021729,77.69264507357501,1,61,-63,1284,405,960,600,20
3,-3,0,3.0,-3.0,0.5401897430419922,73.45058418010026,1,58,-60,1284,405,960,600,20
2,-3,0,2.0,-3.0,0.5481436252593994,69.90619500389191,1,56,-57,1284,405,960,600,20
2,-4,0,2.0,-4.0,0.5561826229095459,65.66372975210778,1,54,-53,1284,405,960,600,20
2,-4,0,2.0,-4.0,0.564098596572876,61.449282711585,1,52,-49,1284,405,960,600,20
3,-4,0,3.0,-4.0,0.5722215175628662,56.528189513919585,1,49,-45,1284,405,960,600,20
1,-4,0,1.0,-4.0,0.5801646709442139,53.12685640834652,1,48,-41,1284,405,960,600,20
2,-3,0,2.0,-3.0,0.5881166458129883,49.665735560705194,1,46,-38,1284,405,960,600,20
3,-4,0,3.0,-4.0,0.5960755348205566,44.817880294662984,1,43,-34,1284,405,960,600,20
3,-3,0,3.0,-3.0,0.6041126251220703,40.60632371551998,1,40,-31,1284,405,960,600,20
4,-3,0,4.0,-3.0,0.6120955944061279,35.60701700396552,1,36,-28,1284,405,960,600,20
2,-2,0,2.0,-2.0,0.6202385425567627,32.80186911806539,1,34,-26,1284,405,960,600,20
2,-1,0,2.0,-1.0,0.628119707107544,30.607881008493905,1,32,-25,1284,405,960,600,20
1,-2,0,1.0,-2.0,0.6365036964416504,28.600518131237564,1,31,-23,1284,405,960,600,20
1,-1,0,1.0,-1.0,0.6443126201629639,27.20215047547655,1,30,-22,1284,405,960,600,20
1,-1,0,1.0,-1.0,0.6601157188415527,25.805027579936315,1,29,-21,1284,405,960,600,20
1,0,0,1.0,-0.0,0.6681647300720215,25.0,1,28,-21,1284,405,960,600,20
0,-1,0,-0.0,-1.0,0.6761436462402344,24.409301068170507,1,28,-20,1284,405,960,600,20
1,0,0,1.0,-0.0,0.6841166019439697,23.600595232822883,1,27,-20,1284,405,960,600,20
1,-1,0,1.0,-1.0,0.7000536918640137,22.202484376209235,1,26,-19,1284,405,960,600,20
1,-1,0,1.0,-1.0,0.7082266807556152,20.805843601498726,1,25,-18,1284,405,960,600,20
1,-1,0,1.0,-1.0,0.7168395519256592,19.410882339705484,1,24,-17,1284,405,960,600,20
1,-1,0,1.0,-1.0,0.724341630935669,18.0178514522438,1,23,-16,1284,405,960,600,20
2,-1,0,2.0,-1.0,0.7323296070098877,15.80697580112788,1,21,-15,1284,405,960,600,20
0,-1,0,-0.0,-1.0,0.7401347160339355,15.238858928247925,1,21,-14,1284,405,960,600,20
1,-1,0,1.0,-1.0,0.7479445934295654,13.853720883753127,1,20,-13,1284,405,960,600,20
1,-1,0,1.0,-1.0,0.7560887336730957,12.472205054244231,1,19,-12,1284,405,960,600,20
1,-1,0,1.0,-1.0,0.7641415596008301,11.095023109728988,1,18,-11,1284,405,960,600,20
1,-1,0,1.0,-1.0,0.7721695899963379,9.72308292331602,1,17,-10,1284,405,960,600,20
2,-1,0,2.0,-1.0,0.7800705432891846,7.4928556845359005,1,15,-9,1284,405,960,600,20
0,-1,0,-0.0,-1.0,0.7890756130218506,7.0,1,15,-8,1284,405,960,600,20
1,0,0,1.0,-0.0,0.7961795330047607,6.124515496597098,1,14,-8,1284,405,960,600,20
0,0,1,-0.0,-0.0,0.8391125202178955,6.124515496597098,1,14,-8,1284,405,960,600,20
0,0,0,-0.0,-0.0,0.07760405540466309,393.255421466839,2,-363,189,907,602,1270,413,32
0,1,0,-0.0,1.0,0.0901789665222168,392.794569435554,2,-363,188,907,602,1270,413,32
-1,4,0,-1.0,4.0,0.09742593765258789,390.07881008493905,2,-362,184,907,602,1270,413,32
-1,4,0,-1.0,4.0,0.10550904273986816,387.38691104199205,2,-361,180,907,602,1270,413,32
-3,4,0,-3.0,4.0,0.1133890151977539,382.9235515734813,2,-358,176,907,602,1270,413,32
-4,6,0,-4.0,6.0,0.1214599609375,376.7034504559388,2,-354,170,907,602,1270,413,32
-4,6,0,-4.0,6.0,0.12943696975708008,370.51778743028115,2,-350,164,907,602,1270,413,32
-4,6,0,-4.0,6.0,0.13768410682678223,364.3682426281143,2,-346,158,907,602,1270,413,32
-5,7,0,-5.0,7.0,0.1456749439239502,356.93699199730776,2,-341,151,907,602,1270,413,32
-5,8,0,-5.0,8.0,0.15338897705078125,349.1643465619282,2,-336,143,907,602,1270,413,32
-5,7,0,-5.0,7.0,0.16153216361999512,341.8505274552491,2,-331,136,907,602,1270,413,32
-5,7,0,-5.0,7.0,0.16927099227905273,334.59520818174343,2,-326,129,907,602,1270,413,32
-7,9,0,-7.0,9.0,0.17747712135314941,324.82400150224163,2,-319,120,907,602,1270,413,32
